// AXES = CARTESIAN: X   Y   Z (mm)
P1   3.661689   36.760359   82.349918
P2   9.157774   111.941865   78.553795
P3   13.692264   189.667866   76.157584
P4   18.749394   264.734710   75.117880
P5   24.558222   340.092046   75.249842
P6   29.848266   416.258111   76.983190
P7   34.180181   491.822923   79.815813
P8   37.986833   566.250413   84.405858
P9   68.681563   -3.959820   80.616023
P10   72.654135   71.115525   76.263823
P11   77.001475   146.542831   73.358370
P12   82.746387   221.660644   71.860013
P13   87.227340   297.781768   71.322395
P14   92.852847   373.931625   72.472989
P15   97.732591   449.285444   74.531987
P16   102.266188   524.913393   78.066371
P17   135.459465   29.119584   75.295545
P18   140.215785   104.472993   71.435925
P19   144.971866   179.604932   69.206691
P20   150.125360   256.078663   68.359911
P21   155.194297   331.680309   68.670955
P22   161.169911   407.832346   70.341295
P23   166.118436   483.441166   73.207554
P24   170.202412   559.083328   77.504758
P25   198.529301   -12.584035   76.380843
P26   203.426999   63.554358   71.601188
P27   207.807406   138.590859   68.440700
P28   212.927777   214.393428   66.961867
P29   218.534547   289.516398   66.656381
P30   223.422485   364.835912   67.794309
P31   228.482196   440.514923   69.974583
P32   233.750256   516.201208   73.575437
P33   265.905541   20.203025   72.990459
P34   271.246060   95.673596   69.216213
P35   275.610395   170.458006   67.000211
P36   280.550272   246.292059   65.855501
P37   286.775016   324.551476   66.127801
P38   291.370380   399.383282   67.799213
P39   295.500115   475.311055   70.749194
P40   298.342361   551.672512   75.048209
P41   329.824308   -21.824986   75.121140
P42   334.127122   53.249536   70.581599
P43   339.245283   129.511948   67.645615
P44   343.983683   205.653485   66.041211
P45   348.578058   280.808238   65.058002
P46   354.611258   357.793214   66.672244
P47   359.128416   432.870419   68.952896
P48   363.747144   509.365080   72.780465
P49   397.650182   11.962408   73.499522
P50   402.487346   87.561049   69.593590
P51   406.902232   163.190805   67.256037
P52   412.172886   239.807244   66.562252
P53   417.383300   315.247486   66.828569
P54   421.291758   390.439505   68.509399
P55   426.431119   465.711029   71.483104
P56   431.280186   542.336972   75.933919
P57   460.639663   -29.466924   77.697739
P58   465.590702   45.625587   73.258239
P59   470.360233   120.960257   70.255798
P60   475.622465   196.864533   68.697585
P61   480.544762   272.539808   68.384754
P62   485.838002   348.655457   69.266966
P63   490.684880   424.843927   71.584902
P64   495.708519   500.460885   75.437580
P65   528.997876   3.781619   77.924934
P66   533.757225   79.146167   74.441244
P67   538.758982   155.055531   72.195443
P68   543.772889   230.076643   71.105496
P69   548.951230   307.111184   71.377343
P70   554.018588   382.710023   72.964619
P71   558.722327   458.073651   76.078844
P72   563.036690   533.165336   80.392871
P73   591.324762   -38.080561   83.292711
P74   595.874362   37.560459   79.212282
P75   601.536350   112.972803   76.809852
P76   606.562711   188.810693   75.489413
P77   611.739266   263.703788   74.983014
P78   615.050102   339.211413   75.842232
P79   621.743595   414.787515   78.005747
P80   625.795664   489.801116   81.762377
P81   315.085534   265.844337   64.989843
