// AXES = CARTESIAN: X   Y   Z (mm)
P1   3.095185   35.926432   79.934211
P2   9.088125   110.376483   79.504949
P3   17.156258   189.587088   78.782187
P4   21.951133   265.566953   77.957133
P5   27.094093   340.218160   77.955711
P6   32.172824   415.169840   79.434620
P7   35.655804   490.777347   81.317822
P8   41.330371   566.483736   86.420416
P9   67.182977   -6.368945   76.773876
P10   72.297969   69.259703   76.229452
P11   78.006715   144.977093   74.679038
P12   82.458240   221.490969   72.756079
P13   87.107335   297.084780   71.474574
P14   92.230152   372.751674   72.934525
P15   97.214418   448.655877   75.773259
P16   101.874114   525.138868   79.163749
P17   134.634614   28.495290   73.482273
P18   140.306961   103.699698   70.901565
P19   144.738576   178.837232   68.700709
P20   149.250185   254.451693   67.481688
P21   155.727808   333.968461   67.419144
P22   160.741067   408.512783   70.697655
P23   164.668942   484.174795   73.897081
P24   170.169470   559.664662   78.546541
P25   198.746343   -13.866396   74.725737
P26   203.078506   61.811887   71.189857
P27   207.628314   137.440049   68.263955
P28   212.551731   212.333197   67.640291
P29   217.321483   287.937032   67.971352
P30   221.771355   366.392013   69.448486
P31   226.881964   442.443843   71.846451
P32   232.509339   519.899963   75.193746
P33   266.142106   19.831090   74.162809
P34   271.165173   95.701367   71.132319
P35   275.989070   171.567045   69.608139
P36   280.720274   247.052742   69.596347
P37   287.173863   321.102427   70.531537
P38   290.979442   400.687993   72.022023
P39   294.973559   476.641836   74.142500
P40   299.823828   552.232553   78.001645
P41   330.020786   -20.139604   76.158592
P42   335.530356   55.828577   73.630662
P43   340.352400   130.638758   71.524050
P44   345.282391   206.862955   70.962339
P45   349.620076   281.031807   70.546001
P46   354.396199   357.616943   72.737648
P47   359.596848   433.322190   75.073755
P48   364.900061   509.378995   78.292970
P49   398.475947   13.039652   75.874925
P50   403.504592   88.067102   73.915404
P51   408.257164   163.955473   72.844782
P52   413.565629   239.074665   73.181234
P53   417.341292   316.334300   73.459946
P54   422.931675   391.019246   75.773091
P55   427.382927   467.695102   78.707006
P56   432.278570   543.277693   81.455053
P57   460.152183   -30.677266   79.768221
P58   464.651036   45.131225   77.422280
P59   469.731413   120.710147   76.198476
P60   474.660304   196.621136   76.006902
P61   479.976141   272.534154   76.268503
P62   485.062295   348.809096   77.171969
P63   490.073875   424.327328   79.034956
P64   495.028963   500.688120   81.417438
P65   528.701908   3.513593   81.414413
P66   533.584629   78.429682   79.749922
P67   537.670511   154.414204   79.520992
P68   542.648076   229.458496   79.716362
P69   548.572901   306.005174   80.244372
P70   553.140590   382.723130   81.209142
P71   558.014819   457.747702   82.475869
P72   563.062302   534.328209   83.308401
P73   590.371945   -38.082226   86.252505
P74   596.727925   36.550244   84.017535
P75   600.612228   111.147661   82.865533
P76   605.523749   187.841422   82.682802
P77   610.153112   262.914331   82.759124
P78   614.409978   339.797008   83.587681
P79   620.655131   414.031945   84.187310
P80   624.931553   490.667323   84.694569
P81   315.383900   264.594997   69.772603
