// AXES = CARTESIAN: X   Y   Z (mm)
P7   4.511929   36.372869   82.627693
P8   8.576757   111.698911   79.059243
P9   14.347786   188.141407   76.736943
P10   18.971471   264.210394   75.690083
P11   25.339067   338.876519   76.032339
P12   29.741745   415.497370   77.776380
P13   34.629651   490.692024   80.461725
P14   38.135580   565.768662   85.052067
P15   67.069804   -5.254674   80.899031
P16   72.036073   71.283260   76.620566
P17   77.003549   146.131727   73.520758
P18   82.593443   222.288846   71.779251
P19   86.645817   297.487805   71.420912
P20   92.083047   374.083465   72.663823
P21   97.028872   449.500833   74.681238
P22   101.526851   523.989901   78.119811
P23   134.432736   28.241671   75.392737
P24   139.822155   104.007645   71.614598
P25   144.422425   180.147758   69.209267
P26   149.836540   255.222567   68.187439
P27   154.358511   332.408934   68.537764
P28   160.362375   406.773101   70.097369
P29   164.930856   482.684271   73.014983
P30   170.121645   558.994258   77.308571
P31   198.119188   -13.322264   75.818723
P32   202.557616   62.018784   71.428284
P33   207.747914   138.099953   68.303540
P34   211.583507   214.738407   66.653020
P35   216.982346   288.867423   66.185898
P36   223.222979   365.754687   67.237119
P37   228.090989   441.181629   69.393191
P38   233.553255   516.263944   72.961642
P39   265.830122   19.493095   72.589939
P40   270.432443   96.369961   68.965781
P41   275.427673   171.428987   66.531622
P42   281.118978   247.909890   65.375133
P43   285.671426   324.923428   65.714797
P44   291.314343   398.842697   67.359461
P45   296.861173   473.846989   70.310794
P46   301.016789   550.429915   74.639186
P47   329.572067   -21.856380   74.817273
P48   333.438549   54.721318   70.351875
P49   338.934702   129.682579   67.502558
P50   343.905115   205.283576   65.728877
P51   348.883535   280.284196   64.710864
P52   353.860531   357.905311   66.354415
P53   359.350255   433.567697   68.683618
P54   363.699017   508.661864   72.374266
P55   396.609628   11.375377   73.550671
P56   402.642338   87.319880   69.723934
P57   407.346348   163.628089   67.331271
P58   411.930163   238.049393   66.327105
P59   417.161729   314.819344   66.692915
P60   422.455081   390.406483   68.354858
P61   427.642407   466.077348   71.301545
P62   432.436950   541.284567   75.593926
P63   458.891702   -30.739887   77.844518
P64   464.602270   45.111871   73.423840
P65   469.916758   121.336244   70.468993
P66   474.381727   195.229142   68.766307
P67   480.549857   272.038667   68.424620
P68   484.998864   348.447073   69.334911
P69   490.081112   424.382544   71.541976
P70   495.337317   501.205652   75.295771
P71   528.628278   3.384315   78.421769
P72   534.456998   78.964362   74.991254
P73   538.253220   155.621744   72.395240
P74   543.423711   230.724066   71.407121
P75   548.502138   306.664485   71.689817
P76   553.757639   382.345049   73.348378
P77   558.076678   459.641116   76.399922
P78   562.088166   533.792685   80.559714
P79   591.198624   -38.880695   84.501729
P80   595.361821   37.083712   80.209556
P81   600.655510   112.494881   77.323913
P82   605.687015   188.399366   75.561708
P83   611.043126   264.008941   75.373687
P84   614.215794   338.685136   76.211067
P85   621.407114   416.279062   78.638320
P86   625.263459   491.094284   82.245079
P87   315.076933   265.466717   64.811298
