// SpatialAnalyzer SA 2021.1.70846.0 ( x64 )  
// Points Relative to Coordinate Frame 'A::Frame'
P1   5.275972   38.759323   91.949044
P2   10.426619   112.253057   86.481007
P3   15.190959   190.589071   80.324747
P4   20.192089   265.913532   78.498388
P5   25.233153   339.588251   79.103191
P6   30.280280   414.636161   82.445610
P7   34.631572   489.739484   88.068402
P8   38.869748   564.419187   97.894457
P9   69.895806   -2.104849   87.687814
P10   74.223922   72.832041   80.079013
P11   78.399552   148.549053   73.345874
P12   83.191352   223.577631   69.846376
P13   87.750803   299.276677   69.166177
P14   92.867790   374.489295   71.773091
P15   97.630503   449.405375   76.443104
P16   102.968254   524.083463   84.390819
P17   136.781364   30.966247   77.400948
P18   141.478189   106.113283   69.533069
P19   145.711702   181.456341   64.584445
P20   150.348364   257.055736   62.529069
P21   155.528801   332.259635   63.354275
P22   160.532538   407.678778   67.148162
P23   165.470071   482.841518   73.650134
P24   170.712926   558.390885   83.086247
P25   199.219634   -10.218901   78.155974
P26   203.678806   64.972813   68.695215
P27   208.313780   139.748359   62.316143
P28   213.799361   214.934271   58.966811
P29   218.329860   290.565152   58.607358
P30   223.140942   366.073305   60.607172
P31   227.692777   441.962682   65.750541
P32   233.296407   516.678820   73.339963
P33   266.943530   22.899601   70.678014
P34   271.512192   98.122804   62.771044
P35   276.665253   173.028410   57.824891
P36   280.929437   249.039887   55.831497
P37   285.991064   324.522770   56.428990
P38   290.678806   400.157007   60.206829
P39   295.853072   475.138296   66.812514
P40   300.862125   549.645647   75.906563
P41   329.590211   -18.695823   75.576039
P42   334.501520   56.035495   66.319703
P43   339.393785   131.704082   59.965985
P44   344.207241   207.121290   56.364865
P45   349.219174   282.902732   55.558952
P46   353.964289   357.787402   58.246080
P47   358.834736   433.190896   63.244033
P48   363.732857   508.039928   71.137295
P49   397.094396   14.984775   72.709273
P50   402.538073   89.434315   65.090310
P51   407.434920   164.811717   60.444944
P52   412.047726   240.901718   58.311505
P53   417.228216   316.388227   58.442412
P54   422.213420   391.353570   61.990870
P55   426.090168   466.875980   68.758873
P56   431.177921   541.481906   77.914051
P57   459.621510   -26.846939   81.389980
P58   464.706268   48.194197   72.880288
P59   469.967251   123.195887   66.487950
P60   475.042981   198.853920   63.574868
P61   480.072059   274.426913   62.450629
P62   484.260778   349.950211   64.429657
P63   489.165097   424.907233   69.528518
P64   493.937920   499.817512   77.182160
P65   527.478425   6.363748   82.712348
P66   532.313141   81.822906   75.968288
P67   537.584963   156.955084   71.327141
P68   542.758035   232.209763   68.880143
P69   547.122024   307.868131   69.619097
P70   551.559647   383.188562   73.643057
P71   556.263648   458.401847   79.630650
P72   560.635519   533.084082   87.827129
P73   591.950954   -37.310123   93.291529
P74   597.151873   37.463415   86.912963
P75   602.307945   112.752905   81.896916
P76   606.769421   187.699517   78.817613
P77   611.457156   263.255683   77.817525
P78   616.348201   338.113410   80.410422
P79   621.218635   413.584910   85.104027
P80   625.728187   488.798489   91.630891
P81   315.426777   265.567014   55.266312
