// AXES = CARTESIAN: X   Y   Z (mm)
P1   4.282329   37.836616   89.808791
P2   9.667136   113.487975   83.262942
P3   14.917626   189.705633   79.222308
P4   20.151535   266.538681   77.488192
P5   25.164021   339.785741   77.853096
P6   30.500190   416.474060   81.538068
P7   34.647145   490.164061   87.173716
P8   39.540014   564.413958   96.858975
P9   69.223739   -1.654094   86.538058
P10   74.052916   73.316925   79.175023
P11   78.668043   148.264679   72.867642
P12   83.300791   223.989095   69.335075
P13   87.991302   299.097047   68.620169
P14   92.872519   374.138702   71.004310
P15   97.805196   449.713703   75.632986
P16   102.491005   524.641593   83.484901
P17   136.204200   31.763934   76.987693
P18   140.900086   107.041274   69.308522
P19   145.437164   182.372781   64.411520
P20   150.572163   257.158942   62.147797
P21   155.528134   332.447675   62.827270
P22   160.091595   408.104237   66.458309
P23   165.462612   483.087051   72.900418
P24   170.487378   558.328211   82.270787
P25   199.544901   -9.812412   78.040578
P26   204.000550   65.030013   68.675075
P27   208.571121   140.174242   62.242590
P28   213.262385   215.881005   59.078280
P29   218.501451   290.719858   57.957482
P30   223.302202   366.066624   60.185671
P31   228.158519   441.507234   65.126344
P32   233.422329   516.501314   72.782129
P33   266.906718   23.295426   70.748765
P34   271.736976   98.089024   62.862799
P35   276.487749   173.449295   57.990844
P36   281.422367   248.829895   55.853732
P37   286.318895   324.240855   56.361250
P38   290.984322   399.908958   60.064406
P39   295.906780   475.329939   66.484515
P40   300.850773   549.597641   75.596047
P41   329.384221   -17.856534   75.945703
P42   334.368499   56.437965   66.550560
P43   339.485255   131.507972   60.183833
P44   344.302387   207.214184   56.487605
P45   349.200497   282.941170   55.532096
P46   354.199266   357.832407   58.429056
P47   358.699615   433.652195   63.318130
P48   363.256714   508.662244   71.072157
P49   397.317497   14.841290   73.237882
P50   402.457289   89.952105   65.190228
P51   407.479291   164.925935   60.450801
P52   412.361642   240.623315   58.134295
P53   417.241302   316.044196   58.708343
P54   421.965071   391.535368   62.325892
P55   426.669845   466.632701   68.626251
P56   431.057786   541.693348   77.658278
P57   459.459418   -26.018569   82.409581
P58   465.047734   48.448926   73.002756
P59   469.891265   123.554917   66.412470
P60   475.163414   198.670228   63.185608
P61   479.846754   274.635835   62.251022
P62   484.099731   349.078833   64.632861
P63   489.426442   424.854428   69.344040
P64   493.954774   500.313945   76.878007
P65   527.190534   7.257265   84.050903
P66   532.659834   81.847311   76.199572
P67   537.749352   157.328025   71.105680
P68   542.801269   232.286971   68.491175
P69   547.133154   308.030716   69.360534
P70   551.714724   383.284401   73.187354
P71   556.455610   458.347434   79.087399
P72   560.916550   533.314864   87.128103
P73   591.742644   -35.632031   97.380086
P74   596.840772   38.655046   88.533504
P75   602.208631   113.972370   81.861043
P76   607.222690   188.128544   78.256866
P77   612.018884   263.308574   77.185558
P78   616.750468   338.371781   79.476460
P79   621.621675   414.168158   84.081197
P80   625.785281   488.053842   90.441261
P81   315.266810   265.802696   55.181855
