// AXES = CARTESIAN: X   Y   Z (mm)
P1   3.553751   39.578611   86.958259
P2   9.208163   113.610729   82.870951
P3   14.117410   189.324505   79.462231
P4   19.810529   265.209447   78.270660
P5   25.140167   339.729238   79.450014
P6   30.506986   415.613451   81.990006
P7   34.366336   490.000221   86.760990
P8   39.183719   564.974741   96.070587
P9   68.399247   -2.129142   85.323314
P10   73.761762   72.998506   79.075929
P11   78.274958   148.021724   72.971475
P12   82.666841   224.028404   69.563026
P13   87.801552   298.881435   68.734800
P14   92.599845   374.325593   71.484213
P15   97.574630   449.282843   75.579172
P16   102.603301   524.289961   83.073436
P17   136.317960   30.912590   77.475677
P18   140.668400   106.816964   69.782057
P19   145.501592   181.668445   64.592285
P20   149.806582   257.489308   62.246342
P21   155.210471   332.241610   63.156053
P22   160.170004   407.773435   66.884640
P23   165.112286   483.258657   73.185718
P24   170.174704   558.117072   82.170528
P25   199.205995   -10.468659   78.305974
P26   203.617107   65.011067   69.099454
P27   208.705736   139.252087   62.591588
P28   213.020975   215.443613   59.522694
P29   218.217758   290.573940   58.807067
P30   222.749907   366.327557   60.709634
P31   227.854353   441.403277   65.639513
P32   232.918266   516.470023   73.175622
P33   266.587653   22.974680   71.197417
P34   271.199653   97.982756   63.097392
P35   276.109805   173.126843   58.242333
P36   280.948586   248.775822   56.544278
P37   286.207408   324.093005   56.459457
P38   290.809808   400.017112   60.151439
P39   295.630116   475.201040   66.917203
P40   300.750723   549.578845   75.834031
P41   329.232862   -18.709894   75.414732
P42   334.300591   56.378652   66.809734
P43   338.772289   131.525005   60.594958
P44   343.940597   206.907321   57.121221
P45   349.325929   282.133680   55.935866
P46   353.633211   357.700105   58.477136
P47   358.390187   433.778195   63.522285
P48   363.375400   508.177393   71.383382
P49   397.221375   14.070430   72.457608
P50   402.197832   89.447081   65.537688
P51   407.355764   164.862035   61.072669
P52   412.182510   240.214069   58.964689
P53   417.046836   316.124874   58.879072
P54   421.830181   391.241200   62.384431
P55   426.345118   466.618540   68.805439
P56   431.083694   541.577839   77.836678
P57   459.486906   -27.053882   80.040199
P58   464.663869   48.065563   72.432168
P59   469.842779   122.963188   66.489896
P60   474.729204   198.615872   63.538836
P61   479.847389   274.225042   62.325773
P62   484.799062   349.206912   64.087614
P63   489.294270   424.905368   69.162995
P64   493.410156   500.128526   76.898895
P65   526.778066   6.310576   82.390174
P66   532.238633   81.624439   75.803435
P67   537.213150   157.049204   71.166423
P68   542.601521   232.160312   68.553967
P69   547.553474   307.272991   68.937296
P70   551.734895   382.976019   72.888202
P71   556.216960   457.917402   78.991007
P72   560.949995   532.809169   87.274798
P73   591.914244   -37.404336   94.858893
P74   596.649890   37.403005   87.841230
P75   602.104361   113.624467   82.050757
P76   606.637364   187.614607   78.692632
P77   611.539551   262.666851   77.363958
P78   616.189939   338.576171   79.624340
P79   621.197183   413.625406   84.264036
P80   625.616553   488.190317   90.776593
P81   315.627065   265.364957   55.725847
