// AXES = CARTESIAN: X   Y   Z (mm)
P1   4.124409   39.094249   86.671324
P2   9.377073   114.806658   83.387676
P3   14.333409   190.777283   80.448964
P4   20.448091   266.586163   79.489755
P5   25.399482   341.228051   80.773150
P6   29.787550   416.355245   83.020299
P7   34.914396   491.378306   86.966088
P8   39.809059   565.709382   96.247907
P9   68.641427   -3.046031   82.257770
P10   73.257690   72.866840   78.440703
P11   77.906905   148.236942   73.773495
P12   83.004286   223.509772   70.831639
P13   88.095579   298.782086   70.407287
P14   93.010498   374.150949   73.009376
P15   97.845125   449.684135   76.113176
P16   102.524893   525.217209   82.734178
P17   136.087599   30.500380   76.032003
P18   141.075723   106.326222   70.334470
P19   145.570071   181.705127   65.894656
P20   150.538828   257.589609   63.894537
P21   155.471211   332.686998   64.692816
P22   160.299416   408.020692   68.054952
P23   165.678533   483.050656   73.531761
P24   170.214316   558.378475   82.436819
P25   199.048224   -10.738480   77.789982
P26   203.758693   64.176216   70.326953
P27   208.094538   139.654199   64.410664
P28   213.396308   214.937581   61.253652
P29   218.211813   290.915473   59.681955
P30   223.306594   365.993025   60.956161
P31   228.319092   441.400010   66.165513
P32   233.288738   516.606263   74.358348
P33   266.497524   22.660674   72.594337
P34   271.658481   97.563608   65.437044
P35   276.190916   173.664326   60.692953
P36   281.285773   249.225978   57.831337
P37   285.767993   324.649143   55.830634
P38   290.932964   399.532354   59.406638
P39   295.602716   474.912195   67.363364
P40   300.962458   549.436632   77.136364
P42   329.411291   -18.965294   76.797875
P43   334.357809   56.145751   68.506567
P44   339.586177   130.958256   62.482119
P45   344.139801   206.988329   58.907419
P46   349.344522   282.298715   56.104065
P47   353.953695   357.899045   56.984282
P48   359.006029   433.357615   62.269701
P49   363.935898   507.678688   71.051478
P50   397.500911   14.099656   72.981401
P51   403.049468   89.340455   65.605890
P52   407.409938   165.024488   61.280415
P53   411.973296   240.503310   59.466576
P54   416.880406   316.153568   58.158203
P55   421.917200   391.732013   60.638369
P56   426.506905   466.742089   67.371030
P57   431.358680   540.909390   77.298376
P58   460.021568   -27.578816   78.928639
P59   465.151473   47.613673   70.526616
P60   470.170214   122.568726   64.696390
P61   474.622853   198.386579   63.459848
P62   479.570826   274.494206   62.779320
P63   484.341545   349.971779   63.286276
P64   489.337168   424.539367   68.008777
P65   493.550814   500.156176   76.000107
P66   527.628952   6.144732   78.955343
P67   531.953507   81.505716   73.101282
P68   537.095897   156.456894   70.725154
P70   542.419185   231.744131   70.745149
P71   546.700470   307.435122   71.178702
P72   551.227212   383.163650   73.737113
P73   556.257765   457.707867   79.332998
P74   560.051109   532.685159   87.985486
P75   591.451768   -36.836905   92.830447
P76   596.363610   36.698502   85.902242
P77   601.361913   112.790290   82.532609
P78   606.014692   187.206744   81.538589
P79   611.559143   261.488448   81.533225
P80   616.237501   337.788598   83.182550
P81   620.880852   412.521069   86.721211
P82   624.920409   487.839811   93.064031
P83   315.679261   265.550752   56.545474
