// AXES = CARTESIAN: X   Y   Z (mm)
P10   73.708092   74.070399   75.314281
P11   78.473371   149.071227   68.009530
P12   83.208612   224.595400   63.574859
P13   88.152821   299.882545   61.719869
P14   93.311986   375.159287   63.525168
P15   97.797819   450.699295   65.844691
P18   141.075181   107.529664   65.969540
P19   145.467492   182.679517   60.480982
P20   150.750890   257.856793   57.423512
P21   155.672120   333.137245   57.489526
P22   160.552644   408.991110   60.139675
P23   165.630008   484.001193   65.031631
P26   204.119894   65.706082   65.965628
P27   208.903923   140.571659   59.466635
P28   213.776809   215.991619   55.839717
P29   218.580839   291.437105   54.478019
P30   223.737329   366.695926   56.138959
P31   228.546422   442.215121   60.180673
P34   271.955840   98.378981   60.187575
P35   277.065517   173.605937   55.249137
P36   281.812792   249.312438   53.096812
P37   286.679978   324.714205   53.499235
P38   291.693323   400.190395   56.713514
P39   296.490735   475.352271   62.751866
P42   335.087004   56.794106   62.847926
P43   339.724958   132.240220   57.012166
P44   344.707064   207.465111   53.531957
P45   349.704721   283.083594   52.806114
P46   354.191633   358.471760   55.672991
P47   359.501403   433.490766   60.427769
P50   403.018444   89.673761   60.451981
P51   407.852025   165.111918   56.297184
P52   412.699587   240.764594   54.393613
P53   417.673200   316.267947   55.563785
P54   422.568211   391.515577   59.480052
P55   427.345594   466.598706   66.111520
P58   465.980420   47.917358   65.915217
P59   470.678530   123.407942   60.394565
P60   475.770093   198.925029   57.850992
P61   480.875251   274.221334   57.729331
P62   484.958029   349.876392   60.585742
P63   490.093814   425.162870   66.185565
P66   533.789789   81.301513   66.635789
P67   538.787261   156.575522   62.790883
P68   543.582655   232.137206   61.520115
P69   548.006598   307.608242   63.429933
P70   552.983584   382.904060   68.232747
P71   557.821644   457.694834   75.106326
P72   562.209366   532.991516   83.793599
P81   315.624368   266.186162   52.610810
