// AXES = CARTESIAN: X   Y   Z (mm)
P1   179.892173   52.565425   62.416774
P2   175.213783   127.676864   55.398240
P3   172.334186   202.710464   53.857684
P4   169.048810   278.813038   54.098183
P5   166.224089   354.909604   53.757315
P6   162.793610   430.245046   51.456769
P7   160.393252   505.073983   56.355498
P8   245.243104   16.518821   54.882898
P9   241.425153   91.999861   50.190470
P10   238.461343   167.614514   47.638196
P11   235.673040   243.548870   46.822713
P12   232.619999   318.961341   46.298423
P13   229.421463   395.299582   46.303949
P14   226.437547   470.448696   47.571999
P15   308.712735   56.799953   47.179670
P16   305.754974   131.884803   44.666926
P17   302.396362   208.096448   44.026987
P18   299.186711   284.251220   43.292396
P19   296.478688   359.473182   43.598713
P20   293.458277   435.355642   43.960767
P21   290.522192   510.585371   47.815354
P22   375.470501   22.014857   45.856362
P23   372.570119   97.136672   42.158435
P24   369.861987   172.623110   42.208492
P25   366.740758   248.524585   41.902580
P26   363.594381   324.418389   42.128075
P27   359.976791   400.619882   43.086772
P28   357.301222   475.514071   45.535190
P29   439.319542   62.233578   41.096614
P30   436.362649   137.591597   40.969056
P31   433.498446   213.271448   41.264469
P32   430.310999   288.964965   41.071799
P33   427.289408   364.762387   42.790910
P34   424.670081   440.641251   43.952477
P35   420.870840   516.326084   49.352081
P36   506.121881   26.449510   42.306696
P37   502.958364   102.262586   42.715243
P38   500.252870   178.043451   42.783877
P39   497.635265   253.623005   42.656540
P40   494.582072   329.533499   43.518882
P41   491.127219   405.831762   45.352540
P42   488.178274   481.392041   48.472924
P43   570.195504   66.654823   46.558455
P44   567.128102   143.134572   46.400042
P45   564.458954   218.652876   45.386348
P46   561.820433   294.217031   44.781062
P47   558.659389   370.172662   47.291300
P48   555.031017   446.188399   50.145675
P49   552.557499   521.316040   53.897898
P50   636.304514   31.828070   53.056959
P51   633.862254   107.446417   51.744868
P52   631.182798   183.438225   50.282881
P53   628.443740   258.862633   49.444454
P54   625.384333   334.564959   50.908091
P55   622.104227   410.468986   54.188824
P56   618.967221   485.872390   57.573959
P57   398.761473   268.827667   40.946527
