// AXES = CARTESIAN: X   Y   Z (mm)
P1   112.996656   10.767326   64.857526
P2   111.162442   85.159070   63.698538
P3   107.423622   161.145633   60.529881
P4   104.579909   237.909880   60.225946
P5   100.412570   312.834077   58.964250
P6   97.975923   391.272288   58.560510
P7   95.979558   465.982072   59.806614
P8   94.039686   539.153845   66.826569
P9   182.096017   -24.261256   55.635947
P10   178.580357   51.156523   52.997954
P11   174.765559   127.000930   50.268192
P12   171.609604   203.468773   49.800837
P13   169.224683   278.645440   49.480903
P14   166.201706   354.369177   51.282033
P15   162.693196   430.675817   49.674362
P16   159.933928   505.539716   51.820522
P17   243.726618   16.017999   45.033978
P18   241.188866   91.863400   44.626680
P19   237.574527   167.636602   44.254565
P20   235.257071   243.274036   43.574492
P21   232.138327   318.981384   43.889532
P22   229.296430   395.245146   44.833660
P23   226.163321   470.678810   45.043852
P24   223.819752   545.852472   50.147264
P25   310.695022   -18.718714   44.071353
P26   307.482823   56.476339   41.513358
P27   304.779044   132.213733   41.490825
P28   302.002415   208.369586   41.362191
P29   299.349884   283.665103   40.839113
P30   296.226673   359.362015   41.862402
P31   293.216381   435.450370   42.298020
P32   290.021605   511.154615   45.059640
P33   374.842920   21.211672   40.219730
P34   371.957929   96.560346   39.436760
P35   369.105154   172.522912   40.130734
P36   366.255569   248.331778   39.491080
P37   363.548911   324.133657   39.920005
P38   360.345034   400.191340   41.140101
P39   357.571181   475.495600   43.425605
P40   354.208311   551.144280   48.865185
P41   441.467849   -13.588801   41.576896
P42   439.010055   61.669673   39.625266
P43   435.700031   137.429857   39.975652
P44   432.847306   213.361666   40.147402
P45   430.083876   289.013836   39.796250
P46   427.398432   364.488795   41.016810
P47   424.404271   440.228571   42.108732
P48   421.425375   515.976423   46.938600
P49   505.826469   25.871367   40.689819
P50   502.868367   101.585175   41.713914
P51   499.943108   177.716178   41.597783
P52   497.381317   253.429578   41.919976
P53   494.389935   329.291131   42.424801
P54   491.363929   405.101981   43.325404
P55   488.307094   480.670029   45.793907
P56   485.494790   555.955041   51.131615
P57   571.996360   -8.893261   45.270175
P58   570.069863   66.468463   44.686078
P59   566.819073   142.467331   45.196013
P60   563.846988   218.500006   44.837219
P61   561.474150   293.883649   44.633767
P62   558.510841   369.499992   45.575689
P63   555.352653   445.577773   47.217778
P64   552.241156   521.080838   50.686394
P65   636.232213   30.977120   49.182090
P66   633.486149   106.792969   49.554607
P67   631.055869   182.578070   49.428632
P68   628.358051   258.451880   49.412913
P69   624.731350   334.697368   49.963259
P70   621.800154   409.998476   51.258082
P71   619.075017   485.270437   54.514950
P72   615.529131   561.037239   59.492735
P73   704.736465   -6.447869   58.116439
P74   702.128329   69.155199   56.650680
P75   699.658840   145.548113   55.666269
P76   697.322929   221.374984   55.068575
P77   693.887370   296.280748   56.156037
P78   690.842445   371.974024   57.789815
P79   687.730084   448.196252   60.430445
P80   685.281587   522.861659   64.994534
P81   398.537634   268.634565   39.278973
