// SpatialAnalyzer SA 2021.1.70846.0 ( x64 )  
// Points Relative to Coordinate Frame 'A::Frame'
P1   62.466859   41.538823   78.376062
P2   61.967165   53.625101   77.250287
P3   64.198049   71.630581   75.176669
P4   62.857685   87.611899   73.738552
P5   70.629372   121.088104   69.993424
P6   74.392293   139.950666   68.230103
P7   72.095865   158.489660   66.964381
P8   73.863148   182.235148   65.386950
P9   81.237955   208.182581   63.615168
P10   77.306402   221.160099   63.339098
P11   78.986722   241.134542   62.394339
P12   78.617971   259.749120   61.898214
P13   83.639047   286.976204   61.282194
P14   83.437365   310.828814   61.439645
P15   82.457502   333.736794   62.046717
P16   87.287730   377.049541   63.210895
P17   97.686584   405.516966   63.234166
P18   88.415759   420.325284   64.230111
P19   102.149547   442.808863   64.244409
P20   99.867786   463.723550   65.487518
P21   101.956942   480.271204   66.551894
P22   102.924375   496.825910   67.807855
P23   98.557727   511.464789   69.318918
P24   100.272032   45.178630   74.068643
P25   110.345628   72.220018   70.944117
P26   113.161268   92.867769   69.023402
P27   118.557880   114.645817   66.850124
P28   124.869463   143.955323   64.344649
P29   143.992499   180.763424   61.041898
P30   139.256498   214.658267   59.884203
P31   137.452597   246.856259   58.974239
P32   147.664575   292.344475   58.039000
P33   148.942431   331.063806   58.353661
P34   156.108298   366.022989   58.729643
P35   158.007619   406.006112   59.901888
P36   160.640907   442.459546   61.577619
P37   165.954328   480.353632   63.854208
P38   168.075399   518.746127   66.832129
P39   157.846322   43.049107   69.968612
P40   161.725055   83.936405   66.371005
P41   164.777876   125.099256   63.118820
P42   168.981085   157.256489   60.822732
P43   171.949010   194.211227   58.971699
P44   173.184852   232.583860   57.678992
P45   181.082098   271.126088   56.673341
P46   183.329307   305.640415   56.494961
P47   183.936422   339.118965   56.854096
P48   185.626501   382.095498   57.862958
P49   194.191089   419.453407   59.143315
P50   194.874167   461.825613   61.561332
P51   195.979026   509.759926   65.172288
P52   191.079583   29.976274   69.013176
P53   191.292097   60.541686   66.455287
P54   201.151699   102.577463   62.636824
P55   197.423011   138.472213   60.439682
P56   202.563164   173.960847   58.446555
P57   204.613349   207.185901   57.156860
P58   209.306424   248.654840   56.039914
P59   213.863006   288.218961   55.495240
P60   215.027702   326.302134   55.715864
P61   219.531510   363.800147   56.397363
P62   216.861070   399.814542   57.788176
P63   224.872749   437.527493   59.506549
P64   229.157136   472.106201   61.655945
P65   232.037875   507.893408   64.364634
P66   227.148291   28.459257   67.056230
P67   224.397653   73.445244   63.678072
P68   228.684767   115.059517   60.457567
P69   233.554205   148.372993   58.386895
P70   236.583946   189.900199   56.695664
P71   239.604962   222.978496   55.655445
P72   238.535348   258.976085   55.040634
P73   244.546408   300.479044   54.731511
P74   256.797455   340.660533   55.195662
P75   253.706945   376.333594   56.318537
P76   257.302678   418.396203   58.125460
P77   263.274783   458.758839   60.443867
P78   261.423284   487.591644   62.528298
P79   269.378408   508.551220   64.138275
P80   256.504890   30.688962   65.539766
P81   259.642304   51.242288   63.864050
P82   260.030971   92.898338   60.808157
P83   264.338459   131.586086   58.300215
P84   268.673645   163.661855   56.807495
P85   272.038051   202.118334   55.405738
P86   274.588243   241.554629   54.350350
P87   276.648355   279.158450   53.918903
P88   281.244880   317.521320   54.292791
P89   283.079438   354.655265   55.303320
P90   292.034120   397.465562   57.001190
P91   290.585520   429.785423   58.620278
P92   293.293629   469.648816   61.234059
P93   293.879265   505.187933   63.971317
P94   291.535789   29.638033   64.487403
P95   295.398297   66.564086   61.612652
P96   299.200507   107.989031   58.830394
P97   296.717974   146.548768   56.900763
P98   303.845988   183.555990   55.303265
P99   302.031712   215.303294   54.458306
P100   310.658815   257.042627   53.742583
P101   313.836800   295.241489   53.870950
P102   313.941353   334.716797   54.774527
P103   318.458859   372.643197   56.128065
P104   322.411710   412.139800   57.981695
P105   324.373619   448.885352   60.163216
P106   329.795412   482.000175   62.683174
P107   333.971588   501.291162   64.294747
P108   358.843536   21.165009   64.428196
P109   364.505013   57.466336   61.575121
P110   365.232485   99.791874   58.756293
P111   361.995511   139.393506   56.557877
P112   369.893559   181.027884   54.996059
P113   373.170970   219.695151   54.033732
P114   378.436288   252.717437   53.796748
P115   380.631235   293.063942   54.277090
P116   385.997153   331.025153   55.536325
P117   383.360043   369.656556   57.009759
P118   385.324129   402.684121   58.716924
P119   391.085770   440.941298   61.260034
P120   399.525581   477.841527   64.367604
P121   396.893341   498.681582   66.034232
P122   396.346418   19.073462   64.807217
P123   395.012193   40.763287   63.070324
P124   398.890784   75.010052   60.514367
P125   395.112197   104.728724   58.506682
P126   401.026090   126.291196   57.368033
P127   400.956745   152.818137   56.161584
P128   403.806328   190.430241   54.818491
P129   406.881989   229.623286   54.063756
P130   407.004974   265.717025   54.177677
P131   412.174627   302.531162   55.150617
P132   409.983453   344.086761   56.531922
P133   418.221312   383.672416   58.600719
P134   425.518470   424.852702   61.346817
P135   425.531072   458.777907   63.883259
P136   426.957452   492.937951   66.877712
P137   433.641769   18.256864   65.476447
P138   428.986764   51.585874   62.799969
P139   428.408680   94.156949   59.780944
P140   434.874621   133.427287   57.589105
P141   436.765727   174.587721   55.931492
P142   435.684659   213.414878   54.848065
P143   441.012191   247.011040   54.791589
P144   440.652656   286.427346   55.466097
P145   443.736131   320.015316   56.582869
P146   450.007806   361.469931   58.575557
P147   451.950265   402.401546   60.970346
P148   459.024748   439.448836   64.047922
P149   455.473959   472.359725   66.639613
P150   462.913376   493.454298   69.037409
P151   478.827412   16.120212   67.237545
P152   489.943241   54.294090   64.892008
P153   493.580364   91.208567   62.376562
P154   497.720757   130.424783   60.040634
P155   498.778040   172.393189   58.190348
P156   497.251591   205.094951   57.235322
P157   505.503713   242.689187   57.424468
P158   506.515422   280.796372   58.022295
P159   511.829488   320.227349   59.638281
P160   516.276324   355.946494   61.731402
P161   517.053185   393.868130   64.303628
P162   524.455954   428.307105   67.617934
P163   525.160013   467.610699   71.251572
P164   530.377473   488.706810   73.704993
P165   517.580896   9.672211   70.091826
P166   521.409267   33.785588   68.332590
P167   524.479279   69.275748   65.617760
P168   526.552491   105.676595   63.085746
P169   528.078709   147.655232   60.706838
P170   534.334834   182.745849   59.786394
P171   535.317165   219.708802   59.222775
P172   536.698521   260.720049   59.358025
P173   540.672546   296.530383   60.450633
P174   546.786077   335.393104   62.857686
P175   549.373296   370.726623   65.335394
P176   558.025916   407.785887   68.835922
P177   557.958859   449.632424   72.550823
P178   562.653787   483.136072   76.291089
P179   541.585516   14.244365   71.276314
P180   542.616740   49.200332   68.247304
P181   546.562918   82.776964   65.810102
P182   551.288363   120.822492   63.500354
P183   552.524527   159.962417   61.652177
P184   552.879330   197.527958   60.685882
P185   558.535875   234.861269   60.659409
P186   560.380558   274.206163   61.171414
P187   560.563335   308.652826   62.394038
P188   561.523561   349.601695   64.893728
P189   563.828878   389.567377   68.012659
P190   565.571288   426.094155   71.139413
P191   566.914649   459.784563   74.449971
P192   573.259582   486.642640   77.802299
P193   62.115698   41.034332   78.361153
P194   89.163256   519.604152   70.734837
P195   537.369579   10.687216   71.265321
