// AXES = CARTESIAN: X   Y   Z (mm)
P1   63.923371   42.601251   62.727614
P2   68.805443   61.276478   62.302272
P3   70.047486   90.036102   62.102418
P4   67.354603   129.950710   61.784845
P5   71.555386   185.558175   60.551431
P6   75.900680   242.238243   59.536664
P7   76.735720   297.060528   59.357121
P8   83.928292   351.754147   59.563064
P9   85.463549   399.528091   60.029692
P10   89.974844   437.354474   59.843029
P11   93.587493   467.508261   59.843382
P12   96.676149   495.856243   60.088862
P13   95.115404   524.708741   60.691955
P14   93.855496   39.856771   60.062371
P15   95.555213   74.422960   59.940816
P16   103.471842   127.502134   58.982142
P17   103.392987   172.734914   58.335935
P18   107.999510   229.579606   57.321921
P19   126.811673   293.693384   55.897729
P20   131.133839   373.972041   56.272652
P21   130.334157   436.609319   56.966171
P22   138.203620   482.666678   57.149664
P23   139.196664   522.497443   57.692793
P24   161.930742   34.987286   54.799845
P25   169.384158   65.992523   54.393691
P26   175.311853   109.542578   53.897343
P27   180.539107   158.017757   53.219640
P28   192.055564   209.914880   52.126792
P29   193.623548   271.830378   51.794367
P30   198.968398   324.200655   51.734826
P31   194.208292   385.948901   52.469492
P32   201.793294   446.996561   53.046762
P33   197.638454   485.951959   54.089547
P34   200.756565   520.131939   54.649998
P35   224.796702   31.055964   50.999375
P36   229.266831   72.740599   50.937214
P37   234.884916   125.599681   50.543564
P38   243.363067   185.464535   49.933862
P39   245.647722   238.138080   49.751589
P40   250.640434   302.683822   49.727894
P41   254.336283   355.877536   49.991119
P42   259.993243   415.375882   50.689812
P43   257.236093   458.866685   51.683096
P44   260.673268   482.963717   52.260691
P45   264.195648   515.722646   53.107877
P46   267.573126   28.778771   49.328231
P47   274.439455   69.304437   49.257810
P48   280.839976   131.129737   49.022921
P49   282.980657   179.676176   48.814025
P50   289.257153   229.125471   48.682141
P51   291.835819   277.440273   48.809240
P52   301.535006   314.740872   48.897496
P53   317.313883   365.429912   49.202150
P54   320.345601   423.773345   50.236277
P55   318.063497   468.664964   51.532877
P56   324.165132   502.086358   52.724122
P57   324.666738   511.669721   53.045834
P58   333.952141   26.648839   48.191481
P59   343.140361   72.386779   48.420436
P60   343.280814   122.797107   48.453580
P61   347.095177   181.429814   48.592151
P62   355.710638   220.627297   48.848907
P63   359.343132   272.146881   49.073267
P64   365.944403   315.563403   49.335473
P65   372.388036   360.007474   49.776496
P66   378.660748   397.495245   50.560361
P67   387.129062   434.255762   51.754941
P68   391.409375   463.361150   52.869904
P69   394.589872   507.921678   54.713850
P70   390.547287   17.437691   48.558395
P71   393.951784   51.970696   49.011804
P72   401.140544   94.447659   49.456541
P73   404.982852   130.012523   49.651335
P74   411.413782   182.695033   50.045699
P75   422.719059   227.765153   50.734852
P76   426.853290   275.347529   51.219382
P77   433.294873   319.532258   51.712712
P78   438.033368   360.466197   52.384053
P79   446.601786   399.298119   53.532898
P80   450.299683   439.144384   54.787214
P81   458.803462   473.322221   56.378618
P82   460.122587   499.914453   57.304579
P83   456.557676   13.955128   51.014312
P84   461.050573   52.019493   51.708366
P85   465.575826   93.453575   52.321491
P86   474.224990   134.673606   52.860671
P87   480.830275   187.853588   53.389296
P88   484.110196   238.790240   53.828182
P89   489.846346   284.399639   54.519036
P90   493.010902   336.375801   55.206825
P91   504.787166   384.170557   56.899051
P92   504.022765   421.770407   57.858698
P93   508.925261   455.233667   59.297361
P94   512.808578   472.132433   60.152488
P95   514.578925   495.925360   61.040211
P96   507.630261   11.024450   53.859424
P97   509.358938   43.902318   54.499785
P98   509.878839   87.699308   54.977844
P99   510.475672   137.049455   55.122891
P100   518.265957   191.871204   55.896580
P101   519.146304   236.875239   56.296364
P102   526.190124   293.169870   57.190476
P103   528.878774   359.136429   58.157998
P104   537.558243   410.094323   60.136905
P105   548.475443   456.382100   62.729309
P106   550.987141   493.334404   64.265594
P107   544.100281   8.105458   56.338742
P108   545.074526   35.477003   56.887204
P109   547.994014   83.918152   57.592936
P110   550.037619   129.613387   57.849699
P111   554.882813   179.241108   58.439296
P112   556.338267   216.885793   59.067100
P113   558.427135   266.146820   59.617590
P114   565.023850   325.039696   60.377629
P115   565.905977   358.454227   60.916033
P116   570.346490   404.359993   62.614204
P117   573.217237   435.225592   64.126323
P118   574.931161   461.040581   65.380072
P119   577.421509   493.419870   66.898779
