// AXES = CARTESIAN: X   Y   Z (mm)
P1   -1.456071   44.767889   91.279620
P2   3.660334   120.111982   91.619287
P3   9.074633   197.608855   89.488763
P4   17.157506   273.746713   94.597050
P5   23.362607   349.028112   93.547923
P6   29.458865   424.196238   90.789734
P7   36.347878   501.661493   92.560807
P8   42.548313   575.510269   96.337501
P9   63.262385   2.833367   93.221849
P10   69.047096   78.851487   91.996431
P11   74.995849   154.762359   90.946587
P12   81.038668   231.017965   91.164362
P13   87.706714   305.853313   91.043203
P14   93.296257   382.311674   90.769593
P15   99.334514   457.555108   87.167986
P16   105.841942   533.085469   90.672833
P17   131.898395   35.575914   92.581511
P18   137.236075   111.792746   91.458994
P19   143.335689   187.596416   90.370380
P20   150.091126   263.213263   89.758377
P21   155.980782   338.478597   90.152458
P22   161.691814   414.930955   88.826004
P23   167.508348   489.742517   88.278481
P24   174.547300   565.853378   91.429926
P25   194.632217   -7.266286   92.176330
P26   200.554223   68.889885   92.127303
P27   206.484519   144.216615   91.175410
P28   212.312009   219.872153   90.386465
P29   218.570615   296.005748   90.053792
P30   224.852266   371.232527   89.524671
P31   230.854848   447.460453   88.840692
P32   237.507753   522.810483   90.025944
P33   263.491414   25.354582   89.140952
P34   269.134909   101.409800   89.537731
P35   275.321421   176.771719   89.194455
P36   281.479375   252.720970   87.977752
P37   287.646186   327.901317   87.300554
P38   293.702852   403.648598   87.483545
P39   299.818081   479.315308   88.184200
P40   305.845654   554.987616   89.962580
P41   324.648953   -17.545230   86.279668
P42   331.182129   58.025962   87.667841
P43   337.503410   133.928367   87.862650
P44   343.621365   209.489046   86.527587
P45   350.107677   285.359110   84.053197
P46   356.290628   360.647702   84.395966
P47   362.755931   435.899911   85.720705
P48   368.250663   511.740228   87.815749
P49   393.129942   14.676352   86.784370
P50   399.288630   90.661953   89.075953
P51   405.807483   166.257400   87.616809
P52   412.706839   242.085367   83.876921
P53   418.302694   317.697999   81.628425
P54   425.102329   392.784696   82.489519
P55   430.732500   469.022179   85.156631
P56   437.119305   544.248933   87.630298
P57   456.020857   -28.078794   88.326960
P58   462.083640   47.032887   89.701952
P59   468.161613   122.977814   91.448128
P60   474.010165   198.450628   89.219704
P61   480.092503   273.994927   86.943120
P62   486.330066   349.691286   85.744707
P63   492.930230   425.438502   85.464344
P64   498.811250   501.418430   87.555464
P65   523.563372   3.726670   91.355246
P66   530.053225   79.488630   94.935112
P67   535.580927   156.034383   94.461054
P68   542.379464   231.343203   94.135736
P69   547.918832   307.021024   94.024167
P70   554.137570   382.492201   92.818510
P71   560.662871   458.307391   92.596565
P72   566.993114   534.157528   93.535235
P73   588.123210   -41.686641   95.978934
P74   593.590836   34.050574   98.686112
P75   600.409119   109.961502   101.469050
P76   605.545957   185.874008   102.869731
P77   612.338147   262.524988   102.831260
P78   618.385976   337.193938   101.713972
P79   625.017253   413.619559   100.382643
P80   631.453576   488.574480   99.631653
P81   316.031118   269.010405   86.063692
