// AXES = CARTESIAN: X   Y   Z (mm)
P1   72.775498   74.377958   74.498157
P2   77.604932   149.948742   67.338489
P3   82.219789   225.542975   62.834851
P4   87.545457   300.128946   60.918659
P5   92.469883   375.574897   62.694436
P6   97.264112   451.060673   65.051605
P7   102.259150   526.068376   71.001466
P8   135.603552   32.216241   73.267068
P9   140.268472   107.287809   65.056912
P10   145.088128   182.558399   59.590811
P11   149.620800   258.366192   56.455722
P12   154.827321   333.932676   56.499522
P13   159.675174   409.704825   59.154010
P14   164.735403   484.422778   64.238475
P15   203.491382   65.269877   65.083308
P16   208.139090   140.476281   58.560966
P17   212.937629   216.098192   54.891379
P18   218.000377   291.403250   53.447631
P19   223.024008   366.784163   55.207997
P20   228.058551   442.264242   59.303837
P21   233.246580   517.290829   66.056674
P22   266.153612   23.740296   66.887388
P23   271.020884   98.461897   59.278917
P24   276.335763   174.055597   54.370004
P25   281.213326   249.176167   52.188768
P26   285.917791   324.838996   52.658302
P27   291.124703   400.671297   55.920971
P28   295.860593   475.614434   61.859364
P29   334.457844   56.741990   61.862281
P30   339.350340   131.569013   56.234956
P31   344.197478   207.341614   52.728517
P32   348.992046   282.695727   51.922360
P33   353.803431   358.401995   54.920287
P34   359.030379   433.515982   59.666758
P35   363.654071   508.551809   67.194071
P36   396.693542   14.747316   66.736450
P37   401.763447   90.148850   59.454718
P38   407.158403   164.999070   55.364709
P39   412.000633   240.560325   53.455708
P40   417.024533   316.016390   54.748195
P41   421.956975   391.420485   58.675140
P42   426.574388   466.987024   65.264912
P43   464.666621   48.039436   64.792200
P44   469.496886   123.456662   59.274535
P45   475.000991   198.460863   56.746647
P46   480.325639   273.892503   56.637439
P47   484.664602   349.572207   59.662194
P48   489.759862   424.566830   65.304338
P49   494.372654   499.596187   73.344750
P50   527.045864   6.155143   72.051367
P51   532.370182   81.714142   65.735845
P52   537.331459   157.038729   61.836415
P53   542.488357   231.976349   60.658765
P54   547.556947   307.220350   62.616953
P55   552.226808   382.396245   67.665792
P56   556.615434   457.881734   74.347360
P57   315.122411   265.996455   51.734760
