// AXES = CARTESIAN: X   Y   Z (mm)
P1   3.203294   37.075467   60.552277
P2   7.325993   113.218786   58.454545
P3   13.774021   189.791814   60.255895
P4   19.422156   266.748130   61.359188
P5   24.003472   342.343421   60.478923
P6   29.134172   418.487382   60.529127
P7   34.746157   494.142091   62.165065
P8   38.518029   568.485681   64.152273
P9   68.343017   -2.966721   52.719577
P10   72.884645   73.022161   55.081033
P11   78.096872   148.659139   54.149966
P12   83.080413   225.050771   54.258207
P13   88.498688   300.185446   54.296466
P14   93.735054   375.739339   56.542664
P15   98.798387   451.707205   56.386663
P16   103.228360   527.084058   59.198887
P17   135.437378   30.877073   48.290066
P18   140.546507   106.955043   50.137358
P19   145.761967   182.278162   50.237928
P20   150.753234   258.751108   50.062092
P21   155.797859   334.129015   50.688895
P22   161.168082   409.496841   52.239553
P23   165.832138   485.327004   54.294487
P24   171.743988   560.390303   58.997913
P25   198.576017   -11.266734   45.721896
P26   203.521148   64.403624   46.745135
P27   208.744633   139.849555   47.305233
P28   213.474102   216.010578   48.075127
P29   218.383636   292.023026   48.209877
P30   223.909473   367.076955   49.712534
P31   229.228520   442.771691   51.091739
P32   234.277263   518.242959   54.513306
P33   266.060519   22.211304   44.731777
P34   271.267666   98.295702   45.845425
P35   276.396081   174.174968   46.913680
P36   281.828284   249.204370   47.163306
P37   286.466101   325.337885   48.069555
P38   291.994302   400.687213   49.905674
P39   297.056643   476.262737   52.684839
P40   302.185645   551.426096   57.912133
P41   329.030641   -20.302473   45.586062
P42   334.109627   55.621048   46.119250
P43   339.267546   131.695432   47.086853
P44   344.681987   207.035071   47.993078
P45   349.874981   282.544779   48.359580
P46   354.800685   358.262851   49.902395
P47   359.537034   434.193419   51.964076
P48   365.123388   509.207434   56.385957
P49   396.916038   13.368427   47.297486
P50   402.383523   88.706308   49.308502
P51   407.465182   164.872933   49.772202
P52   412.622412   240.189190   50.966747
P53   417.806321   315.899675   52.080192
P54   423.030180   391.828825   53.616496
P55   427.631584   467.700245   56.546197
P56   432.937078   542.742039   60.773640
P57   459.183051   -28.618291   50.794204
P58   465.102800   46.319669   52.425372
P59   469.778764   122.858743   53.815400
P60   475.156542   198.120000   54.407730
P61   480.469528   273.825099   54.967196
P62   485.673024   349.394312   56.729013
P63   490.688999   424.987906   58.851824
P64   495.778865   500.843850   62.500983
P65   527.501969   4.422217   56.907384
P66   532.640523   80.060403   58.396863
P67   537.558530   155.997773   59.284718
P68   542.919387   231.662136   60.567092
P69   548.416868   307.417534   61.511288
P70   553.504160   382.656924   62.943799
P71   558.386275   458.725327   65.907507
P72   563.780703   533.640370   69.485075
P73   591.549971   -40.223201   64.998368
P74   596.860715   34.938888   64.999776
P75   603.178144   109.977560   65.040948
P76   607.702820   186.226434   66.569545
P77   612.751227   262.600162   67.692188
P78   618.097894   338.364316   68.140103
P79   623.682395   414.411478   69.611915
P80   628.636242   489.566362   72.244347
P81   315.672772   266.475474   47.457571
