// AXES = CARTESIAN: X   Y   Z (mm)
P9   2.557122   38.389738   64.342151
P10   5.958421   113.001318   58.981902
P11   12.601783   190.257255   60.762951
P12   18.832712   266.590674   63.369687
P13   23.847512   342.086287   62.595145
P14   29.392631   419.093183   61.861750
P15   35.149423   494.195643   63.447978
P16   39.574578   569.752757   65.977082
P17   67.689896   -2.681785   60.767225
P18   73.205758   73.001579   60.796078
P19   77.779530   149.181811   58.971992
P20   82.686274   225.406414   57.756522
P21   88.361157   300.615740   56.284782
P22   94.046248   376.369970   57.358492
P23   98.476276   452.462482   56.197987
P24   103.397911   527.937263   58.796113
P25   135.457060   31.381234   55.239391
P26   140.565480   106.898418   55.414240
P27   145.834263   183.070176   54.178564
P28   151.043067   258.375988   52.342708
P29   156.193578   333.966811   51.632161
P30   161.373326   409.811884   51.954853
P31   166.164937   485.536762   53.250430
P32   171.161942   561.388975   57.052384
P33   198.194675   -11.291037   50.804060
P34   203.715319   64.443565   51.333179
P35   208.582946   140.448236   50.372148
P36   214.048219   215.949677   49.884260
P37   218.790482   291.968343   48.893234
P38   223.924150   367.247984   49.557395
P39   228.956508   443.538781   50.139460
P40   234.141781   518.521038   52.996760
P41   266.428206   21.996355   48.212530
P42   271.638007   98.332620   48.539684
P43   276.632596   173.839772   48.181112
P44   281.974147   249.704273   47.677156
P45   286.911748   324.982947   47.704643
P46   292.209387   400.883400   48.772300
P47   297.203719   476.241733   50.541845
P48   302.300459   552.018779   54.604730
P49   328.904356   -19.845716   46.774294
P50   334.118124   55.738024   47.621872
P51   339.555697   131.259944   47.814041
P52   344.739137   207.218370   48.038524
P53   349.537574   283.013465   47.731391
P54   354.656857   358.842527   48.535517
P55   360.157528   433.945736   50.096279
P56   364.984121   509.964667   53.584271
P57   397.274870   13.014434   47.568142
P58   402.253553   89.105305   48.988719
P59   407.296781   165.148814   49.200792
P60   412.898393   240.347416   50.009239
P61   417.484983   316.520833   50.427452
P62   422.819450   391.833313   51.368089
P63   428.010153   467.258174   53.894257
P64   432.960010   543.027501   57.955227
P65   460.046972   -29.261979   49.208472
P66   464.659947   46.903612   50.973273
P67   470.010989   122.651071   52.214441
P68   475.181067   198.677979   52.649668
P69   480.388480   274.256864   52.873945
P70   485.800537   349.852764   54.056712
P71   490.739262   425.084382   56.017626
P72   495.689909   500.667915   59.597060
P73   527.620319   4.207114   54.004486
P74   533.080071   79.884081   56.069283
P75   538.361635   155.847768   56.566204
P76   542.725319   231.757383   57.728893
P77   548.240597   307.452741   58.439705
P78   553.226630   382.941152   59.820234
P79   558.207864   458.267336   63.486237
P80   563.117366   534.457929   67.022669
P81   592.074753   -41.000452   59.206131
P82   597.260374   34.772372   61.236735
P83   602.767055   110.757883   61.926598
P84   607.748464   186.743897   63.083126
P85   612.738718   262.542343   64.462257
P86   617.795236   338.539830   65.423597
P87   622.768985   413.071157   68.301835
P88   628.112964   488.673968   72.158401
P89   316.085969   266.449650   47.374217
