// AXES = CARTESIAN: X   Y   Z (mm)
P1   5.310782   40.605842   89.940379
P2   9.795331   113.823293   83.851420
P3   15.190852   189.498501   80.225980
P4   20.357209   266.272709   78.544275
P5   25.257705   339.423173   79.126304
P6   30.459321   414.895993   82.815242
P7   33.528338   488.738985   88.942321
P8   40.010285   564.669221   98.431136
P9   70.005423   -1.896498   87.067571
P10   74.187052   73.322124   79.749006
P11   78.509729   148.462423   73.682650
P12   83.158551   224.393661   70.234103
P13   88.116097   299.455583   69.532650
P14   93.236662   374.019496   72.014179
P15   98.039529   449.666639   76.820329
P16   102.525520   524.598564   84.761915
P17   136.688948   31.512792   77.440094
P18   141.541079   106.589725   69.852790
P19   145.755002   181.899681   65.039969
P20   150.814152   257.428370   62.843496
P21   155.651044   332.490619   63.614386
P22   160.556927   407.983596   67.371200
P23   165.673037   482.978714   73.923529
P24   171.212242   558.226688   83.252602
P25   199.764765   -10.088954   78.310037
P26   204.261776   64.802424   69.041123
P27   208.794045   140.209763   62.651724
P28   213.880507   215.476762   59.490651
P29   218.383425   291.344946   58.542351
P30   223.305433   366.416742   60.920513
P31   228.244489   441.649356   65.935924
P32   233.290502   516.739937   73.708155
P33   267.241819   23.348763   70.915521
P34   271.927820   98.043626   63.062626
P35   276.678895   173.698077   58.152330
P36   281.274321   249.417342   56.117474
P37   286.295885   324.668197   56.703671
P38   291.334175   399.836463   60.490615
P39   296.192333   475.059740   67.016059
P40   301.121952   549.924444   76.127905
P41   330.161729   -18.431352   76.181698
P42   334.591361   56.726884   66.517920
P43   339.665414   131.867164   60.194779
P44   344.382159   207.223590   56.551938
P45   349.440276   282.672682   55.604504
P46   354.272796   357.896616   58.544807
P47   359.118979   433.405515   63.520919
P48   363.755546   508.495206   71.351384
P49   397.310424   15.228908   73.189119
P50   402.847690   89.829731   65.058389
P51   408.002630   165.190493   60.217779
P52   412.647901   240.493156   58.064697
P53   417.445620   316.061668   58.668695
P54   422.160716   391.571914   62.367713
P55   426.777084   466.945183   68.765573
P56   431.235023   541.638362   77.815970
P57   460.177666   -26.168396   82.343475
P58   465.121108   48.758553   72.771465
P59   470.430944   123.647181   66.207619
P60   475.767033   198.982713   62.894701
P61   479.954914   274.665790   61.943528
P62   484.941436   349.787532   64.280705
P63   489.634243   424.983285   69.180142
P64   494.394975   499.878821   76.796757
P65   527.470591   7.187210   83.796595
P66   532.966383   82.024878   75.790786
P67   537.764634   157.625975   70.602160
P68   542.714777   232.833601   68.115780
P69   547.768791   307.710744   68.999131
P70   552.428643   382.934997   72.863201
P71   557.279890   458.312502   78.819742
P72   561.049435   533.240529   86.959801
P73   592.151757   -36.451509   97.084023
P74   597.155709   38.241518   88.102640
P75   602.551077   114.191262   81.344383
P76   607.338874   188.528437   77.687702
P77   611.955650   263.632014   76.610777
P78   616.682422   338.900693   78.916534
P79   621.431334   413.483657   83.513407
P80   626.017568   488.284628   90.037418
P81   315.661993   265.836065   55.432042
