// AXES = CARTESIAN: X   Y   Z (mm)
P1   2.411392   37.764583   64.754024
P2   6.044687   113.440548   59.371024
P3   12.231830   191.164208   61.230126
P4   19.451233   267.010930   63.861278
P5   24.289647   342.840487   63.020860
P6   29.630133   419.144445   62.252861
P7   35.016537   493.752753   63.653717
P8   39.581366   568.859956   66.188520
P9   68.241820   -2.647485   61.031363
P10   73.046057   73.695591   61.115379
P11   77.560240   149.824982   59.439616
P12   82.788618   225.816528   58.062789
P13   88.674828   301.131294   56.587282
P14   94.088977   376.330950   57.622422
P15   98.513556   452.335647   56.450632
P16   103.523352   528.277344   59.115810
P17   135.950268   30.916942   55.508859
P18   140.649567   107.124823   55.746376
P19   145.697432   183.291245   54.487502
P20   150.656775   259.352287   52.549807
P21   156.103402   333.991340   51.792670
P22   161.103377   410.141262   52.169604
P23   166.031367   485.643894   53.476929
P24   171.932991   561.071446   57.243473
P25   198.974532   -11.319823   51.112042
P26   203.837255   64.556171   51.668639
P27   209.007213   140.793049   50.695368
P28   213.776251   216.365407   50.106809
P29   218.635906   292.179165   49.105768
P30   224.179306   367.456475   49.747859
P31   229.299605   443.777107   50.336389
P32   234.777846   518.652284   53.191955
P33   266.496254   22.211102   48.402717
P34   271.528953   97.984105   48.791166
P35   276.866124   173.831235   48.381136
P36   281.860794   249.801635   47.832967
P37   286.793882   325.660488   47.911720
P38   292.402078   400.987991   49.045336
P39   297.153282   476.792391   50.690126
P40   302.316957   552.276893   54.802757
P41   329.096141   -19.975314   46.963035
P42   334.200130   55.894538   47.754929
P43   339.734481   131.406802   47.970850
P44   344.640964   207.395346   48.240631
P45   349.928879   282.940319   47.902417
P46   355.045158   358.582371   48.731863
P47   360.178050   434.309830   50.243122
P48   365.262079   509.628356   53.664405
P49   397.192367   13.497895   47.736271
P50   402.044637   89.324965   49.057374
P51   407.681892   164.835313   49.252414
P52   412.799321   240.646947   50.089859
P53   417.932182   316.312304   50.576672
P54   423.036644   392.143265   51.511065
P55   428.276274   467.382430   53.941062
P56   433.196871   543.333288   58.075365
P57   459.753185   -28.821057   49.425876
P58   465.140351   46.931931   51.083997
P59   470.240153   122.939138   52.318843
P60   475.353468   198.415628   52.738747
P61   480.812566   274.173095   53.061034
P62   486.159815   349.655536   54.214521
P63   490.789709   425.704557   56.081015
P64   496.051080   500.631499   59.650401
P65   527.593783   4.743202   54.065228
P66   533.179949   80.024456   56.106228
P67   538.252951   155.907648   56.581470
P68   543.371509   231.523970   57.865780
P69   548.508415   307.349862   58.616478
P70   553.520188   383.018555   59.922568
P71   558.443816   458.578437   63.487752
P72   563.584944   534.177327   67.116469
P73   592.194211   -40.039597   59.311474
P74   597.354040   35.245451   61.288101
P75   602.891187   111.794721   62.006311
P76   608.048601   187.467008   63.186634
P77   613.352242   263.348745   64.518890
P78   617.996818   338.273225   65.495280
P79   623.039355   413.866238   68.338664
P80   628.555139   489.237111   72.149106
P81   315.833205   266.597875   47.499880
