// AXES = CARTESIAN: X   Y   Z (mm)
P1   73.193135   74.426924   75.479618
P2   77.957359   149.274542   68.346372
P3   82.767105   224.566019   63.868197
P4   87.687955   299.941513   61.925711
P5   92.594517   375.328818   63.685893
P6   97.269254   450.889446   66.106025
P7   102.174970   526.097267   72.068711
P8   135.996940   32.024949   74.022645
P9   140.550650   107.204996   65.961530
P10   145.161448   182.518573   60.490262
P11   150.296964   258.009356   57.450175
P12   155.028371   333.639967   57.424006
P13   160.060716   408.922472   60.015414
P14   165.078608   484.371472   65.183251
P15   203.703462   65.348409   65.828209
P16   208.200085   140.184332   59.395362
P17   213.132838   215.773642   55.733675
P18   218.167097   291.506469   54.225011
P19   222.933874   366.765907   55.936529
P20   228.140352   442.098779   60.003656
P21   233.022066   517.335992   66.844340
P22   266.483677   23.629933   67.525327
P23   271.574077   98.546474   59.913814
P24   276.182475   174.065001   55.074702
P25   281.298022   249.126581   52.887500
P26   285.996108   324.932979   53.266157
P27   291.183112   400.265064   56.441111
P28   295.908690   475.620381   62.488047
P29   334.075639   56.546104   62.524483
P30   339.087915   131.880128   56.759194
P31   344.066262   207.359225   53.300207
P32   348.904682   282.960063   52.491884
P33   353.846842   358.357362   55.496216
P34   358.725579   433.733429   60.092947
P35   363.714640   508.474039   67.696837
P36   396.912154   15.016222   67.323514
P37   402.132443   89.728487   59.930075
P38   407.217268   165.142991   55.842488
P39   412.363657   240.498543   53.870690
P40   417.226032   316.020341   55.072605
P41   422.090860   391.586031   58.911602
P42   426.649123   466.824869   65.345307
P43   464.900909   47.953323   65.188429
P44   469.774847   123.709424   59.685033
P45   475.154455   198.659973   57.181447
P46   480.122790   274.128521   56.683467
P47   485.039831   349.401349   59.391501
P48   489.700863   424.796401   64.882272
P49   494.717557   499.869699   72.827705
P50   527.471316   6.581255   72.420034
P51   532.723415   81.394745   66.013733
P52   537.772649   156.857854   62.240543
P53   542.731850   232.554609   60.725555
P54   547.644424   307.869531   61.791183
P55   552.562841   382.534933   66.852781
P56   556.885806   458.134988   73.454211
P57   315.215434   266.444976   52.265568
