// AXES = CARTESIAN: X   Y   Z (mm)
P1   73.603034   74.284330   73.462284
P2   77.997321   149.488815   66.128069
P3   83.209480   225.062453   61.457723
P4   87.867609   299.994207   59.450081
P5   92.775804   375.785861   61.321522
P6   97.758348   450.737034   63.565911
P7   102.575772   525.870798   69.477475
P8   135.749952   32.435265   72.124280
P9   140.214291   107.560967   63.871689
P10   145.649758   182.682944   58.306858
P11   150.282342   258.234384   55.111734
P12   155.048323   333.407785   55.097826
P13   160.243191   409.036688   57.738780
P14   165.191013   484.200829   62.675528
P15   203.443664   65.505944   63.936884
P16   208.247375   140.965683   57.536909
P17   213.490851   215.988439   53.869740
P18   218.151275   291.910452   52.325840
P19   223.130856   366.824833   53.935128
P20   227.931169   442.536220   57.977968
P21   232.956616   517.618723   64.814902
P22   266.495946   23.713705   65.969281
P23   271.220552   98.768938   58.367123
P24   276.641633   173.939589   53.440520
P25   281.305857   249.514102   51.196954
P26   286.217329   324.776513   51.524513
P27   291.130379   400.339666   54.687724
P28   295.635286   476.132114   60.711564
P29   334.203152   57.020657   60.959206
P30   339.100671   132.052643   55.289960
P31   344.264060   207.437660   51.841909
P32   349.609361   282.895605   51.021297
P33   354.118974   358.568513   53.967521
P34   359.064162   433.665290   58.607974
P35   363.656184   508.758459   66.060491
P36   397.292683   14.853364   65.947116
P37   402.472548   89.699559   58.644133
P38   407.618973   165.127069   54.594478
P39   412.542410   240.677221   52.695833
P40   417.487010   316.064652   53.991501
P41   422.167639   391.803406   57.904986
P42   426.829291   466.921310   64.562464
P43   464.721143   48.220016   63.942936
P44   470.147476   123.352193   58.498214
P45   474.970818   199.178721   55.954441
P46   480.333401   274.286220   55.878107
P47   484.872493   349.880176   58.915994
P48   489.754990   424.833118   64.671644
P49   493.921648   500.078053   72.843912
P50   527.658231   6.480052   71.348872
P51   532.956644   81.358275   65.117692
P52   537.922317   157.003549   61.263517
P53   542.592143   232.679124   60.191623
P54   547.881735   307.475012   61.801671
P55   552.353486   382.760529   67.055009
P56   557.074097   457.911124   73.943226
P57   315.337248   266.664400   50.885220
