// AXES = CARTESIAN: X   Y   Z (mm)
P1   4.272908   39.903126   89.287606
P2   10.133118   113.679221   82.269638
P3   14.556533   189.663399   74.615915
P4   19.282720   265.728242   71.649938
P5   23.554603   341.620563   69.653945
P6   27.892883   416.361852   70.527457
P7   33.756394   491.729287   75.049117
P8   38.582863   566.336698   82.208601
P9   69.404857   -0.971917   86.392593
P10   73.701786   74.057933   77.625889
P11   77.996570   149.292904   69.727046
P12   83.130540   224.536261   65.209825
P13   88.207817   299.637915   63.614294
P14   92.568160   375.145551   65.896537
P15   97.791235   450.526625   68.114262
P16   102.256304   526.441475   72.861768
P17   137.001687   31.967427   76.354632
P18   140.770672   107.569727   67.837673
P19   145.396254   182.430846   62.135676
P20   150.207615   257.922805   59.236569
P21   155.446522   332.914021   59.446666
P22   160.463205   408.745665   62.110205
P23   165.138447   484.628790   66.757143
P24   170.124101   559.488548   73.965738
P25   199.369099   -9.099726   77.652017
P26   203.789926   65.735025   67.946447
P27   208.691081   140.670115   61.375832
P28   213.513355   216.002569   57.737875
P29   218.581117   291.176935   56.398638
P30   223.030906   367.207332   58.052948
P31   228.489021   441.872902   61.963766
P32   233.355233   517.064073   68.558039
P33   267.057714   23.355909   69.938862
P34   271.626242   98.440665   62.019779
P35   276.742528   173.594571   57.209028
P36   281.835895   249.008383   54.950802
P37   286.266327   324.929285   55.265025
P38   291.110900   400.349874   58.414743
P39   295.900990   475.471163   64.770718
P40   300.882897   550.357586   73.125214
P41   329.863255   -18.123295   73.789914
P42   334.851666   56.508965   64.694706
P43   339.838143   131.640660   58.845569
P44   344.633024   207.232052   55.438702
P45   349.674770   282.756713   54.584827
P46   354.381648   358.422900   57.490022
P47   359.477475   433.383063   62.588524
P48   363.562556   508.898952   70.554298
P49   397.789588   14.694482   69.756499
P50   402.389392   90.195166   62.253912
P51   407.642628   165.388547   58.187339
P52   412.502477   240.546726   56.332896
P53   417.176324   316.562127   57.349867
P54   422.475954   391.298611   61.393578
P55   426.642349   466.890790   68.592980
P56   431.235085   542.174760   77.621239
P57   460.000314   -26.540830   75.968488
P58   465.626924   48.348119   67.763237
P59   470.799823   123.118586   62.298770
P60   475.728863   198.973306   59.626387
P61   480.579510   274.184097   59.305634
P62   484.979626   349.999515   62.115527
P63   489.931255   425.036706   68.022551
P64   494.830217   499.667869   76.308770
P65   528.360227   6.278140   74.899466
P66   533.441282   81.485029   68.548640
P67   538.620245   156.686573   64.755256
P68   543.179490   232.364372   63.226398
P69   548.060842   307.871889   64.759125
P70   552.749936   382.903241   69.654497
P71   557.278650   458.328802   76.682969
P72   562.237942   533.014014   85.337981
P73   592.736560   -37.222897   84.699460
P74   597.800652   37.545125   77.034458
P75   602.989962   112.135151   71.511151
P76   608.197192   187.362964   69.707881
P77   613.044205   263.032388   69.719589
P78   617.591316   338.530049   72.818862
P79   622.742278   413.347266   78.912928
P80   628.335811   486.348262   86.402575
P81   315.320902   266.432441   54.355770
