// AXES = CARTESIAN: X   Y   Z (mm)
P57   73.374652   74.621432   74.734525
P58   78.286274   149.192331   67.466136
P59   82.991750   224.625454   62.997472
P60   87.484371   300.280779   61.212859
P61   92.641848   375.897403   63.002648
P62   97.233297   451.385120   65.287022
P63   102.522121   525.980781   71.034907
P64   136.307839   32.056798   73.752334
P65   140.598838   107.355214   65.584858
P66   145.766933   182.457232   60.016948
P67   150.673664   258.321435   56.974688
P68   155.405237   333.270184   57.058639
P69   160.436712   408.956644   59.648815
P70   165.580448   484.020794   64.584593
P71   203.640250   65.421226   65.716063
P72   208.701066   140.299446   59.241840
P73   213.590244   215.959166   55.628193
P74   218.412970   291.743660   54.182302
P75   223.374680   367.017816   55.856058
P76   228.358455   442.329949   59.908168
P77   233.666788   517.207143   66.625696
P78   266.758708   23.865484   67.612450
P79   271.943801   98.611866   60.007967
P80   276.450815   173.860315   55.106670
P81   281.696090   249.106180   52.989862
P82   286.493197   324.695966   53.354127
P83   291.410820   400.249677   56.562487
P84   296.403635   475.364771   62.597644
P85   334.365693   57.157268   62.708436
P86   339.287563   132.283617   56.960853
P87   344.497114   207.459982   53.547208
P88   349.897894   282.975952   52.806469
P89   354.435770   358.140219   55.709463
P90   358.999520   433.820179   60.518859
P91   363.649001   508.966248   68.289685
P92   397.211437   14.925763   67.848745
P93   402.444799   89.853745   60.486900
P94   407.782026   165.053419   56.331681
P95   412.372579   240.811986   54.432371
P96   417.143818   316.671551   55.734032
P97   421.978265   391.904536   59.643220
P98   427.113241   466.699381   66.360525
P99   465.509370   48.177239   65.994966
P100   470.363026   123.575666   60.568496
P101   475.552184   198.794275   58.058999
P102   480.457797   274.101069   57.997768
P103   484.927779   349.740611   60.932333
P104   489.943627   424.753127   66.525225
P105   494.806311   499.690214   74.649196
P106   528.136843   6.327841   73.146158
P107   533.133108   81.898606   66.729211
P108   538.450426   156.636816   63.048766
P109   543.283290   232.070266   61.854974
P110   547.991008   307.480320   63.881980
P111   552.395081   382.991186   68.648495
P112   557.746444   457.920199   75.637595
P113   314.977051   266.197117   52.490623
