// AXES = CARTESIAN: X   Y   Z (mm)
P1   75.212336   74.936927   73.607803
P2   79.659762   149.776817   65.503825
P3   83.990131   225.408012   61.402894
P4   89.154052   300.788805   59.612825
P5   93.613811   376.706168   59.464094
P6   98.534070   451.939851   59.621721
P7   103.499566   526.714182   64.665749
P8   137.813848   33.215406   72.409947
P9   142.204273   108.398042   62.539603
P10   146.728090   183.578242   56.345792
P11   151.998126   258.668190   53.435166
P12   156.539308   334.052505   53.261570
P13   161.559000   409.775077   54.043722
P14   166.476873   484.969136   57.338673
P15   205.383017   66.193060   62.105946
P16   209.859914   140.845253   53.802619
P17   214.592186   216.502291   49.994198
P18   219.157564   292.415560   48.559853
P19   224.273914   367.763515   49.538305
P20   229.321283   443.094323   51.837777
P21   234.114578   518.633585   57.737455
P22   268.466514   24.456999   63.927296
P23   272.774774   99.387415   53.990112
P24   277.668506   174.375097   48.600019
P25   282.338336   250.517472   45.781478
P26   287.161104   325.858770   45.743960
P27   292.143708   401.439248   48.624246
P28   297.250023   476.401808   53.430313
P29   335.866160   57.933495   57.320292
P30   340.828685   132.462834   50.145034
P31   345.254736   208.366210   45.761729
P32   350.581494   283.532974   43.807649
P33   354.907278   359.456255   46.979597
P34   360.036260   434.497966   51.007892
P35   364.693161   510.154820   58.012914
P36   398.247458   15.964941   61.706384
P37   403.650422   90.837098   54.010138
P38   408.576406   166.152059   48.146272
P39   413.593410   241.397327   45.771406
P40   418.324294   316.802420   46.859200
P41   423.117337   392.418768   50.716994
P42   427.433271   468.223879   56.314556
P43   466.330442   49.359734   59.709608
P44   471.322956   124.542316   52.674521
P45   476.771606   199.619988   48.697593
P46   481.563102   274.958362   48.080515
P47   486.222036   350.335898   50.897202
P48   491.020761   425.711169   56.059690
P49   495.594962   501.110124   62.452262
P50   529.187781   7.833891   66.180064
P51   534.966398   82.526292   58.343540
P52   539.870491   157.577802   52.619085
P53   544.400842   233.441449   50.932330
P54   549.224496   308.325414   52.350632
P55   553.537304   384.219587   57.139090
P56   558.713921   459.194726   63.811485
P57   316.362669   267.513358   44.287262
