// AXES = CARTESIAN: X   Y   Z (mm)
P1   2.576465   38.182851   65.694951
P2   7.413737   112.964959   63.280177
P3   14.099243   191.108096   63.140148
P4   19.857993   267.680898   62.972256
P5   24.068984   341.257812   61.280909
P6   29.749774   417.680755   62.103112
P7   33.761847   492.989689   64.744265
P8   38.635359   567.638294   70.250765
P9   68.834900   -2.995292   57.885488
P10   73.819506   72.716241   59.459777
P11   78.499337   148.761538   58.148169
P12   83.289787   224.886682   56.711739
P13   88.413958   300.212233   54.564717
P14   93.516691   375.732020   56.120188
P15   98.281899   451.343057   56.691169
P16   103.244936   526.217391   63.152180
P17   135.488980   30.768809   53.213556
P18   141.109117   106.336869   53.963452
P19   146.004580   182.467745   52.921045
P20   150.784609   258.519671   50.914316
P21   155.811344   333.675042   50.325618
P22   161.078293   409.298665   51.901313
P23   166.120293   484.392885   55.948498
P24   171.542748   559.476422   64.222363
P25   198.157845   -11.242182   50.363512
P26   203.760072   64.688716   50.291615
P27   208.921703   139.858254   49.475515
P28   214.004791   215.704201   49.008904
P29   218.793387   291.517700   47.915583
P30   223.843756   367.010029   48.680660
P31   229.161473   442.671753   50.182274
P32   234.458366   517.854439   56.366170
P33   266.576379   22.002262   47.659301
P34   271.932976   97.725855   47.618900
P35   276.861225   173.496601   47.583850
P36   282.199578   249.413162   47.015345
P37   287.018711   324.799641   46.950432
P38   292.008433   400.626963   47.753823
P39   297.018142   476.077887   50.369655
P40   302.210858   551.276125   58.398064
P41   329.360480   -20.223821   47.254683
P42   334.540957   55.452195   47.090141
P43   339.689622   131.188638   47.112539
P44   344.527817   207.344045   47.323207
P45   349.776135   282.866428   47.136025
P46   354.858551   358.345682   48.156739
P47   359.697800   434.165674   49.184333
P48   365.152599   509.165062   54.252018
P49   397.285841   13.271765   46.953362
P50   402.504992   88.906219   48.513083
P51   407.587315   164.672401   48.346594
P52   412.733105   240.325446   49.169293
P53   418.012850   316.011760   50.038775
P54   422.736089   391.898769   51.112379
P55   427.821469   467.230975   53.753368
P56   432.978971   542.479780   59.003414
P57   460.177768   -29.097954   49.258503
P58   465.265149   46.742770   50.349574
P59   470.353334   122.797296   51.642234
P60   475.697795   198.104201   51.857120
P61   480.331277   274.156574   52.219217
P62   485.740939   349.387337   53.760764
P63   490.598878   425.480288   55.654314
P64   495.439385   501.139409   59.111731
P65   527.824608   4.246347   53.912837
P66   533.201953   79.920313   55.386432
P67   538.414497   155.685432   55.900726
P68   543.023138   231.840275   57.307753
P69   548.230262   307.316222   58.352128
P70   553.260324   383.117693   59.719005
P71   558.346899   458.825120   62.499206
P72   563.509952   534.206717   64.813470
P73   592.156197   -39.476160   61.902286
P74   597.650244   35.121476   61.706845
P75   602.881752   110.790134   61.358317
P76   607.669570   186.371982   62.913515
P77   612.856740   262.151049   64.719927
P78   618.168387   339.221405   65.957234
P79   622.793902   413.479205   68.005132
P80   628.295684   489.527986   70.240093
P81   316.024267   266.357256   46.757355
