// AXES = CARTESIAN: X   Y   Z (mm)
P1   73.753573   74.464977   72.923883
P2   78.016296   149.507284   66.015926
P3   83.122105   224.676045   61.545747
P4   88.064658   299.928624   59.679115
P5   92.995701   375.293254   61.664987
P6   97.910466   450.728286   63.860055
P7   102.984155   525.761957   69.981714
P8   136.394169   32.394759   71.963705
P9   140.773324   107.355151   63.597365
P10   145.692098   182.953944   58.092445
P11   150.364733   258.579693   55.117254
P12   155.432584   333.739377   55.249599
P13   160.662606   408.942079   57.808337
P14   165.638669   484.104567   62.687180
P15   204.272890   65.549436   63.673038
P16   208.823425   140.137106   57.154110
P17   213.416289   216.134353   53.467568
P18   218.524242   291.409884   52.022973
P19   223.240150   367.344688   53.884377
P20   228.483751   442.202395   57.838315
P21   233.474859   517.271209   64.607149
P22   267.080539   23.810589   65.387850
P23   271.710264   98.450580   57.817998
P24   276.644823   173.995006   52.836161
P25   281.753830   249.457502   50.702591
P26   286.635794   324.661006   51.130517
P27   291.469751   400.243539   54.288855
P28   296.075152   475.629115   60.292231
P29   334.641096   56.845401   60.255868
P30   339.431638   131.905192   54.454890
P31   344.684955   207.520638   50.994798
P32   349.621724   282.657957   50.323859
P33   354.335482   358.679410   53.174836
P34   359.311796   433.581607   57.842020
P35   364.124962   508.556917   65.292361
P36   397.704394   14.625777   64.944468
P37   402.399550   89.966848   57.726145
P38   407.643210   165.207453   53.392302
P39   412.737344   240.822039   51.637339
P40   417.822879   316.216467   52.814445
P41   422.526937   391.466194   56.723775
P42   427.187525   466.717148   63.260341
P43   465.798323   47.810600   62.754746
P44   470.507232   123.304112   57.280380
P45   475.779862   198.673950   54.458573
P46   480.644397   274.108321   54.331721
P47   485.376976   349.536048   57.267300
P48   490.174021   424.776499   62.978212
P49   494.731551   499.995842   71.042658
P50   527.622684   6.369769   70.155839
P51   533.354030   81.368516   63.945464
P52   538.277710   156.824023   59.608464
P53   543.133154   232.307960   58.402890
P54   547.817787   307.788047   60.006029
P55   552.700834   382.769310   65.241224
P56   557.690852   457.787528   72.076469
P57   315.490547   266.517369   50.133646
