// AXES = CARTESIAN: X   Y   Z (mm)
P1   1.986872   38.117607   64.577510
P2   6.184769   113.155006   59.377103
P3   12.448782   189.622724   61.272749
P4   19.127100   267.354911   63.721982
P5   24.108634   342.705238   62.731419
P6   30.245705   418.421075   64.368328
P7   34.763986   493.381069   63.924092
P8   38.734532   567.854199   66.969868
P9   68.469196   -3.061525   61.015543
P10   73.164895   73.000129   61.201955
P11   78.020090   148.993717   59.442573
P12   83.042674   225.034439   58.232799
P13   88.358700   300.671380   56.621078
P14   93.539329   376.256592   57.559306
P15   98.483305   452.199893   56.705038
P16   103.686749   526.950617   60.772381
P17   135.802313   31.024784   55.422661
P18   140.806182   106.948312   55.665106
P19   146.168117   182.692484   54.524869
P20   150.862157   258.887440   52.697555
P21   155.876361   333.809827   51.857318
P22   161.081274   409.779777   52.279037
P23   166.471156   484.884239   54.563057
P24   171.446833   560.871203   60.155042
P25   198.628707   -11.056926   50.941147
P26   203.832825   64.422082   51.268845
P27   208.893975   140.293135   50.465233
P28   213.472384   216.426353   50.150296
P29   218.868451   291.813822   49.080980
P30   223.958446   367.270232   49.542513
P31   229.098121   443.014617   50.243175
P32   234.332021   518.072571   54.445482
P33   266.241218   22.435434   47.884900
P34   271.536431   98.015097   48.256427
P35   276.989656   173.719536   48.187846
P36   281.823356   249.883295   47.701371
P37   286.724122   325.279250   47.639648
P38   292.064879   400.687215   48.517114
P39   297.162719   476.168147   50.453984
P40   302.408298   551.422026   56.063846
P41   328.985287   -20.213433   46.634830
P42   334.187294   55.733886   47.311992
P43   339.348276   131.455368   47.567327
P44   344.688982   207.201664   47.844263
P45   349.579654   283.160024   47.587543
P46   354.695572   358.710583   48.459285
P47   359.761442   434.397808   49.734583
P48   364.934462   509.273307   53.688909
P49   396.763675   13.312162   47.269333
P50   402.461079   88.941619   48.762103
P51   407.411805   165.072967   48.782586
P52   412.732734   240.436457   49.533339
P53   417.530256   316.757800   50.074538
P54   422.656464   392.449098   51.133217
P55   427.889321   467.483401   53.420663
P56   432.905451   543.016534   57.654810
P57   459.858778   -29.077856   48.893780
P58   465.282289   46.564215   50.627092
P59   470.265474   122.864449   51.788819
P60   475.591638   198.235851   52.038761
P61   480.743183   273.828376   52.313389
P62   485.490010   350.061823   53.546628
P63   490.726494   425.170781   55.467561
P64   495.760168   500.582703   58.932978
P65   527.764479   4.106716   53.488629
P66   533.017843   80.048453   55.552691
P67   537.732332   156.197632   55.896847
P68   543.020700   231.843363   57.044461
P69   548.424569   307.201079   57.754591
P70   553.351878   382.819502   59.194975
P71   557.934102   458.798531   62.711024
P72   563.465594   533.790627   66.188302
P73   592.927212   -42.219049   58.873180
P74   597.321771   34.702567   60.735940
P75   602.805791   111.765164   61.363244
P76   607.853994   186.272309   62.431005
P77   613.331429   263.436476   63.747153
P78   618.386767   338.499575   64.684807
P79   623.011514   413.640429   67.608168
P80   628.141492   489.557582   71.262625
P81   315.461227   266.386041   47.300634
