// AXES = CARTESIAN: X   Y   Z (mm)
P1   3.843356   36.932488   82.366152
P2   8.560354   111.263900   78.620333
P3   15.008824   189.019232   76.197136
P4   19.132482   265.167697   74.971962
P5   24.430504   340.018138   75.089587
P6   29.381730   415.052148   76.920610
P7   34.710685   490.178594   79.790259
P8   38.575490   566.625414   84.471695
P9   68.498732   -4.362954   80.712553
P10   72.679223   71.338479   76.249621
P11   77.318504   146.713464   73.380516
P12   82.539980   222.357504   72.006886
P13   87.330918   297.452146   71.441130
P14   92.295929   373.691826   72.552481
P15   97.638573   449.931827   74.686416
P16   102.350235   524.996654   78.151804
P17   135.822372   28.735236   75.311717
P18   140.364810   104.954787   71.304507
P19   145.586020   180.427175   69.119162
P20   149.848213   255.316589   68.515639
P21   155.592898   331.897065   68.843518
P22   160.785729   407.479643   70.533865
P23   165.098549   483.076507   73.381505
P24   170.674905   558.621807   77.624713
P25   198.538746   -12.461822   76.875141
P26   203.145359   63.733234   71.740528
P27   208.318119   138.220859   68.535340
P28   213.665980   213.560082   67.287161
P29   218.757015   289.303217   67.056014
P30   223.406573   364.660499   68.205160
P31   228.979068   441.166026   70.429188
P32   233.613583   516.680033   73.969896
P33   266.695914   20.572557   73.465892
P34   271.881722   96.367083   69.491397
P35   276.206745   171.443769   67.364761
P36   280.924157   247.143406   66.288941
P37   287.629977   322.309123   66.468881
P38   292.348639   397.390745   68.258878
P39   296.281422   474.727075   71.291055
P40   301.690325   549.642922   75.566141
P41   330.005478   -20.879675   75.465364
P42   334.421305   54.990205   70.592992
P43   339.964794   129.564683   67.813064
P44   343.840180   205.850756   66.338218
P45   348.861646   281.081178   65.393122
P46   354.464958   356.884538   67.018167
P47   359.843065   431.963596   69.386119
P48   364.725365   508.043217   73.286806
P49   397.268488   12.071819   73.298931
P50   401.957411   87.392553   69.257302
P51   406.960365   163.107166   66.999548
P52   412.282445   239.300942   66.522279
P53   417.429177   315.631734   66.815028
P54   422.871572   390.648519   68.615048
P55   427.897895   466.411049   71.714973
P56   432.208153   542.010601   76.275756
P57   460.720285   -29.095261   77.328318
P58   465.232022   45.675985   72.791179
P59   470.861358   121.222307   69.802332
P60   474.361921   195.964161   68.263256
P61   480.046242   271.367847   68.011515
P62   486.120476   349.280389   68.845475
P63   490.813647   423.803906   71.153036
P64   495.371616   499.654496   75.133494
P65   528.914874   4.188700   77.150355
P66   533.431268   79.037874   73.803725
P67   537.138532   154.727187   71.749914
P68   542.748912   230.240738   70.760737
P69   548.643555   306.083923   70.948124
P70   553.390221   381.718791   72.476462
P71   557.896324   456.912586   75.691080
P72   562.688083   532.342111   80.167573
P73   590.977681   -37.777216   82.258929
P74   595.516269   37.517178   78.068657
P75   601.464805   111.932847   76.044941
P76   606.070468   187.436702   74.995820
P77   611.396832   263.649920   74.437367
P78   614.529303   339.465464   75.255245
P79   621.723056   413.928647   77.271589
P80   625.261096   489.868313   81.162854
P81   314.565342   266.216331   65.574384
