// AXES = CARTESIAN: X   Y   Z (mm)
P1   4.715362   35.814244   82.511400
P2   9.073990   110.170417   78.730868
P3   14.333540   189.389759   76.397267
P4   19.504846   264.379615   75.409438
P5   24.551800   340.171815   75.708242
P6   29.180160   414.622237   77.408257
P7   33.659320   489.437836   80.175106
P8   37.893366   565.375125   84.608790
P9   67.757492   -4.281459   80.695524
P10   70.925374   70.111469   76.857904
P11   76.469979   145.580483   73.889502
P12   81.875612   222.363253   72.255329
P13   86.238792   297.607146   72.001378
P14   91.826533   373.522609   73.234750
P15   96.794675   450.138585   75.398022
P16   101.666629   524.195462   78.896351
P17   134.426071   27.224013   75.581547
P18   139.535091   103.508093   71.896856
P19   144.310508   179.886090   69.656001
P20   149.487653   255.108931   68.753433
P21   154.984433   331.746081   69.111216
P22   160.546516   406.636817   70.747091
P23   165.024345   482.544391   73.755557
P24   170.425656   558.961307   78.025532
P25   198.883764   -12.361630   75.649056
P26   203.578987   63.357305   71.377480
P27   208.447049   139.195567   68.380131
P28   213.637579   214.901949   66.880113
P29   218.492902   290.323617   66.513394
P30   223.081222   367.065697   67.609071
P31   227.616679   442.196787   69.900657
P32   233.335309   518.057795   73.532647
P33   266.408251   21.589061   72.357087
P34   270.911898   97.133501   68.703966
P35   276.494749   172.377473   66.300647
P36   280.977630   248.786520   65.260592
P37   286.504231   325.189306   65.607749
P38   291.215304   400.660935   67.306546
P39   296.789064   477.016488   70.301058
P40   300.948111   551.510740   74.523426
P41   329.791391   -21.050744   74.756868
P42   334.704999   54.908929   70.267746
P43   339.664901   130.883709   67.279275
P44   343.905676   206.943967   65.559953
P45   349.229828   282.819426   64.631079
P46   354.082587   358.624583   66.274664
P47   359.489345   434.578194   68.624802
P48   363.737341   509.247575   72.283667
P49   397.774679   13.227024   73.420940
P50   402.765773   87.796036   69.776993
P51   407.306868   164.069107   67.405279
P52   412.873692   240.815024   66.535499
P53   417.064064   317.262866   67.006147
P54   422.211055   392.163839   68.447832
P55   426.266443   467.354293   71.386782
P56   431.225567   542.707734   75.695472
P57   460.078421   -28.365578   77.620211
P58   466.560982   47.700271   73.391263
P59   470.556837   123.449129   70.513749
P60   475.554701   197.808586   68.880089
P61   479.842326   273.852900   68.566073
P62   485.179850   351.383156   69.587746
P63   490.612278   425.877864   71.841950
P64   495.332375   501.460243   75.621485
P65   529.104934   4.800644   78.235203
P66   534.167931   80.596243   74.709189
P67   538.477051   155.790225   72.287499
P68   543.650485   232.893678   71.276575
P69   548.209515   309.371034   71.612418
P70   553.116632   384.605666   73.288682
P71   557.856220   458.975807   76.299664
P72   562.556489   534.654673   80.564448
P73   592.901281   -37.822370   84.347152
P74   597.437046   38.999607   80.126535
P75   601.519830   112.755009   77.100180
P76   606.853373   189.734328   75.452978
P77   611.603759   266.240417   74.994355
P78   614.069501   341.015043   75.947591
P79   620.798835   416.478161   78.331629
P80   625.233496   491.588266   81.875185
P81   315.224335   265.896639   64.726806
