// AXES = CARTESIAN: X   Y   Z (mm)
P1   3.932263   38.121931   82.461189
P2   8.882097   113.319513   78.557285
P3   14.373996   190.952906   75.983436
P4   19.169626   266.185348   74.949536
P5   24.343384   341.459440   75.235938
P6   29.243772   417.068837   77.668966
P7   33.935170   492.386867   80.843555
P8   38.235151   567.562988   84.244041
P9   68.424917   -3.685668   80.567220
P10   72.217741   72.731169   76.354794
P11   76.767847   147.909519   73.297901
P12   82.722700   222.921203   71.528364
P13   87.658504   299.901254   71.200411
P14   92.640708   375.726948   72.418190
P15   96.861614   450.975290   74.581791
P16   101.317951   526.526256   78.307517
P17   135.873290   30.383568   75.374374
P18   140.552604   105.841327   71.662152
P19   145.414418   181.706392   69.300164
P20   150.559601   257.473438   68.301013
P21   154.808896   333.404660   68.751787
P22   159.960441   408.925321   70.414249
P23   171.090065   560.010860   77.692321
P24   199.196399   -12.223847   75.982113
P25   203.444280   64.876012   71.686327
P26   208.117123   139.443367   68.725274
P27   213.404612   215.881251   67.001584
P28   217.945823   290.745685   66.711834
P29   222.850270   367.046073   67.923249
P30   229.510913   443.194199   70.314675
P31   233.377775   517.402733   73.822932
P32   266.638392   21.171906   72.830256
P33   271.533872   97.183996   69.265106
P34   276.353190   173.523121   66.784510
P35   281.109180   249.125315   65.867416
P36   286.467036   324.176035   66.271651
P37   291.082744   401.689306   68.210790
P38   296.390127   475.326284   71.074194
P39   301.053326   552.076979   75.389685
P40   329.459620   -19.895026   75.064179
P41   334.707826   54.050536   70.758631
P42   340.640286   129.346322   67.973727
P43   342.228793   205.348542   66.236059
P44   349.249902   280.370038   65.583253
P45   354.589048   357.438530   67.433809
P46   359.925595   433.837285   69.645190
P47   364.249034   509.005933   73.125021
P48   397.358904   12.540041   73.889702
P49   402.157900   87.446780   70.280250
P50   406.432242   163.948956   68.091705
P51   411.986040   239.503102   67.303110
P52   417.373642   316.696291   67.680262
P53   422.152966   391.937617   69.378450
P54   427.806808   467.848407   72.411011
P55   432.115686   543.181255   76.659051
P56   460.191803   -29.334774   78.361093
P57   464.831101   46.257949   73.872505
P58   470.365375   121.607251   70.895504
P59   474.766107   196.188621   69.689235
P60   479.694885   272.560661   69.188952
P61   487.099082   347.623529   70.226326
P62   491.071691   425.564142   72.532214
P63   495.500554   500.269668   76.353410
P64   528.188319   4.408577   79.126745
P65   533.013034   79.588230   75.130305
P66   538.009645   155.413021   72.801158
P67   543.558869   231.209822   72.001600
P68   549.114215   307.560561   71.478849
P69   553.449276   383.213083   72.828159
P70   558.444094   458.001594   76.133163
P71   563.491547   534.487102   80.625715
P72   591.112074   -37.804541   85.602042
P73   596.769932   37.489075   80.908055
P74   601.219542   112.237982   77.542077
P75   606.020956   189.231846   75.674983
P76   611.720908   264.542912   74.163645
P77   615.893750   340.410041   73.318009
P78   620.885541   414.830038   76.429705
P79   625.894276   491.801536   80.798074
P80   316.055355   265.766727   65.613571
