// AXES = CARTESIAN: X   Y   Z (mm)
P1   4.379435   36.230592   82.589865
P2   8.811346   111.099261   78.766400
P3   14.223668   189.649993   76.164000
P4   19.439353   265.349781   75.092103
P5   25.812783   340.914575   75.276927
P6   29.870598   416.964021   77.019778
P7   34.356971   492.299330   79.737372
P8   38.159682   566.766266   84.251557
P9   67.474353   -4.585129   80.853551
P10   72.749602   71.018163   76.487487
P11   77.214021   146.558659   73.411198
P12   82.524892   222.937407   71.664338
P13   87.309181   298.402598   71.250834
P14   92.692592   374.749081   72.472415
P15   97.733256   449.822136   74.499384
P16   102.223190   524.843332   78.189103
P17   135.674978   30.452679   75.320724
P18   140.240477   104.605416   71.701735
P19   144.287846   180.750945   69.339956
P20   149.711092   256.300641   68.299289
P21   154.665628   332.442863   68.691844
P22   160.493756   408.033241   70.327449
P23   165.352259   483.930032   73.471840
P24   170.703966   559.777558   77.626263
P25   198.689119   -12.890842   76.025521
P26   203.209695   62.476397   71.760882
P27   208.567190   138.958397   68.691741
P28   213.435378   214.041307   66.978748
P29   218.079274   289.995693   66.660304
P30   223.682178   366.311890   67.804077
P31   229.099835   442.901967   70.208201
P32   233.824071   518.213907   73.725765
P33   266.632302   20.481044   72.864535
P34   271.764997   96.132015   69.338240
P35   276.221010   171.851472   66.833887
P36   282.050797   248.164827   65.910525
P37   287.268513   324.600076   66.314426
P38   291.480919   400.098197   68.146541
P39   296.048073   475.138489   71.091615
P40   301.150046   551.593984   75.409963
P41   330.102340   -19.923758   74.754820
P42   334.439666   55.657968   70.350834
P43   340.206995   131.704572   67.592806
P44   344.288030   207.087418   65.987053
P45   349.424709   282.345941   65.322570
P46   354.769543   359.033898   67.159082
P47   359.597062   434.055511   69.370774
P48   364.235721   509.495985   72.876181
P49   397.804550   13.258472   73.418673
P50   402.836978   88.934035   69.733200
P51   407.760636   164.248716   67.583234
P52   412.957329   240.095953   66.718453
P53   418.001764   316.533865   67.055618
P54   422.559084   391.840454   68.742849
P55   427.385970   466.897019   71.707536
P56   432.428446   543.556316   76.000851
P57   461.551593   -28.765202   77.832163
P58   466.086552   46.176154   73.294362
P59   471.491992   122.352680   70.235816
P60   475.919787   198.773027   68.944628
P61   480.881978   272.918932   68.439814
P62   486.103012   349.632373   69.426703
P63   490.727133   424.676047   71.661582
P64   495.580718   501.121014   75.586489
P65   529.161929   4.844734   78.671804
P66   533.697872   80.623379   74.460173
P67   538.189906   156.089009   72.111003
P68   543.361709   233.349092   71.262074
P69   549.193232   308.848591   70.809751
P70   553.838100   384.788020   72.229099
P71   557.973954   459.891726   75.550633
P72   563.878996   534.969894   80.107475
P73   591.966252   -37.629667   84.664231
P74   597.362577   38.681911   80.035720
P75   600.989533   114.390091   76.584309
P76   607.117140   190.504774   75.179976
P77   612.364388   266.731933   73.591691
P78   615.279114   342.053539   72.799512
P79   622.201481   416.449477   75.935007
P80   626.591615   491.276565   80.178722
P81   315.694532   265.906090   65.030431
